[[[[ 4.79578793e-01]
   [ 4.23674196e-01]
   [ 3.11078936e-01]
   [ 2.66804993e-01]
   [ 2.95017421e-01]
   [ 4.08683032e-01]
   [ 4.40944195e-01]
   [ 3.92825723e-01]
   [ 2.86436647e-01]
   [ 2.51776427e-01]
   [ 2.72463083e-01]
   [ 3.33920419e-01]
   [ 3.65180314e-01]
   [ 3.38213652e-01]
   [ 2.41738081e-01]
   [ 2.35791981e-01]
   [ 3.46365452e-01]
   [ 4.29179996e-01]
   [ 3.53327870e-01]
   [ 3.30224752e-01]
   [ 3.39408696e-01]
   [ 3.31416279e-01]
   [ 3.63843143e-01]
   [ 4.17452872e-01]
   [ 3.87399375e-01]
   [ 9.39733088e-02]
   [-3.98251191e-02]
   [-2.67945826e-02]
   [ 2.17873678e-02]
   [-9.40351933e-03]
   [-1.25898495e-02]
   [-2.85236537e-03]
   [ 1.23287514e-02]]

  [[ 4.63678002e-01]
   [ 3.99084985e-01]
   [ 2.72870898e-01]
   [ 2.49824613e-01]
   [ 3.03095996e-01]
   [ 4.07981724e-01]
   [ 4.61961865e-01]
   [ 4.04274940e-01]
   [ 2.96602666e-01]
   [ 2.67444581e-01]
   [ 3.04096758e-01]
   [ 3.53942335e-01]
   [ 3.76986086e-01]
   [ 3.38040262e-01]
   [ 2.40275800e-01]
   [ 2.28767693e-01]
   [ 3.06676477e-01]
   [ 3.99845690e-01]
   [ 3.55655104e-01]
   [ 3.53126764e-01]
   [ 3.92065972e-01]
   [ 3.52855712e-01]
   [ 3.48347485e-01]
   [ 3.99782121e-01]
   [ 3.49417090e-01]
   [-2.23295391e-02]
   [-5.32658771e-02]
   [-1.28476843e-02]
   [-1.50510147e-02]
   [-6.04225472e-02]
   [-2.40915492e-02]
   [-3.13495845e-03]
   [ 8.58563930e-03]]

  [[ 4.45022941e-01]
   [ 3.70360494e-01]
   [ 2.75616527e-01]
   [ 2.77921170e-01]
   [ 3.27794373e-01]
   [ 4.27053183e-01]
   [ 4.35015738e-01]
   [ 3.65368485e-01]
   [ 3.16347837e-01]
   [ 3.39450836e-01]
   [ 3.77254933e-01]
   [ 3.97483140e-01]
   [ 3.65351439e-01]
   [ 3.29312176e-01]
   [ 2.92633116e-01]
   [ 2.85192341e-01]
   [ 3.19179416e-01]
   [ 3.62913787e-01]
   [ 3.74015450e-01]
   [ 4.41844285e-01]
   [ 5.04315972e-01]
   [ 4.12669659e-01]
   [ 3.45668346e-01]
   [ 3.95906270e-01]
   [ 3.63306761e-01]
   [ 8.56972486e-03]
   [-6.60209730e-02]
   [-6.02850094e-02]
   [-6.34809509e-02]
   [-9.35075358e-02]
   [-4.00001481e-02]
   [-2.30964422e-02]
   [-5.41653484e-03]]

  [[ 4.27262992e-01]
   [ 3.36904049e-01]
   [ 2.67791778e-01]
   [ 2.92709827e-01]
   [ 3.84673834e-01]
   [ 4.72995639e-01]
   [ 3.84817868e-01]
   [ 3.32783669e-01]
   [ 3.77474964e-01]
   [ 4.41137373e-01]
   [ 4.74918038e-01]
   [ 4.37785715e-01]
   [ 3.15791190e-01]
   [ 3.18243206e-01]
   [ 4.16180968e-01]
   [ 4.42773074e-01]
   [ 4.04084921e-01]
   [ 3.20005924e-01]
   [ 3.19755137e-01]
   [ 4.78948176e-01]
   [ 5.62371612e-01]
   [ 4.47886050e-01]
   [ 3.69330883e-01]
   [ 3.98604631e-01]
   [ 3.39111298e-01]
   [-3.56065705e-02]
   [-9.01808515e-02]
   [-6.52269199e-02]
   [-5.41639850e-02]
   [-7.03812316e-02]
   [-5.27530089e-02]
   [-5.59696034e-02]
   [-2.43900418e-02]]

  [[ 4.00096565e-01]
   [ 3.19512755e-01]
   [ 2.88325787e-01]
   [ 3.31815988e-01]
   [ 4.60567802e-01]
   [ 4.84532475e-01]
   [ 3.02399576e-01]
   [ 3.01903605e-01]
   [ 4.08615470e-01]
   [ 4.75009561e-01]
   [ 4.99843240e-01]
   [ 3.72640610e-01]
   [ 2.44667619e-01]
   [ 2.86950380e-01]
   [ 5.01990736e-01]
   [ 5.72645307e-01]
   [ 4.67912734e-01]
   [ 3.01905423e-01]
   [ 2.93259621e-01]
   [ 4.40700948e-01]
   [ 5.59156954e-01]
   [ 4.48560238e-01]
   [ 3.71290326e-01]
   [ 3.75252515e-01]
   [ 3.54817629e-01]
   [-1.94944143e-02]
   [-6.55016974e-02]
   [-3.46693918e-02]
   [-8.55594650e-02]
   [-1.04516335e-01]
   [-5.37059978e-02]
   [-4.57579717e-02]
   [-2.92398706e-02]]

  [[ 3.48229080e-01]
   [ 3.03856194e-01]
   [ 3.09442282e-01]
   [ 3.64282548e-01]
   [ 4.71624792e-01]
   [ 4.29160595e-01]
   [ 2.40081847e-01]
   [ 2.76911557e-01]
   [ 3.98942888e-01]
   [ 4.75838989e-01]
   [ 4.72428918e-01]
   [ 3.10423195e-01]
   [ 2.13759527e-01]
   [ 2.75960058e-01]
   [ 4.82067645e-01]
   [ 5.95852733e-01]
   [ 4.93234277e-01]
   [ 2.98195601e-01]
   [ 2.78623670e-01]
   [ 3.83593202e-01]
   [ 4.89898652e-01]
   [ 4.33281422e-01]
   [ 3.73602599e-01]
   [ 3.60983402e-01]
   [ 3.73134792e-01]
   [ 1.09992847e-02]
   [-8.95244554e-02]
   [-5.44153377e-02]
   [-8.21255520e-02]
   [-9.42695662e-02]
   [-4.13574353e-02]
   [-2.85719931e-02]
   [-3.48122194e-02]]

  [[ 3.02888006e-01]
   [ 2.94999093e-01]
   [ 3.29967886e-01]
   [ 3.76416624e-01]
   [ 4.42899734e-01]
   [ 3.71518850e-01]
   [ 2.26810157e-01]
   [ 2.66882777e-01]
   [ 3.73100340e-01]
   [ 4.65214968e-01]
   [ 4.45348740e-01]
   [ 2.87232697e-01]
   [ 2.31372327e-01]
   [ 2.72505254e-01]
   [ 3.56864452e-01]
   [ 4.68131840e-01]
   [ 4.57304984e-01]
   [ 3.16073090e-01]
   [ 2.88063467e-01]
   [ 3.20583194e-01]
   [ 3.99782121e-01]
   [ 3.95204782e-01]
   [ 3.73600632e-01]
   [ 3.73843670e-01]
   [ 3.88414383e-01]
   [-1.51882544e-02]
   [-8.03740993e-02]
   [-5.14713898e-02]
   [-8.11775699e-02]
   [-7.02408329e-02]
   [-4.92526665e-02]
   [-3.58730033e-02]
   [-3.93816605e-02]]

  [[ 2.89872259e-01]
   [ 3.13285053e-01]
   [ 3.64289641e-01]
   [ 3.86628449e-01]
   [ 4.14341688e-01]
   [ 3.37389857e-01]
   [ 2.29662180e-01]
   [ 2.73173869e-01]
   [ 3.61784607e-01]
   [ 4.35452908e-01]
   [ 4.04191256e-01]
   [ 2.67121285e-01]
   [ 2.38820434e-01]
   [ 2.73496687e-01]
   [ 2.61559099e-01]
   [ 3.01950246e-01]
   [ 3.69583368e-01]
   [ 3.39384824e-01]
   [ 2.92081356e-01]
   [ 2.92158425e-01]
   [ 3.34544331e-01]
   [ 3.49871695e-01]
   [ 3.74867141e-01]
   [ 3.91718149e-01]
   [ 4.23854858e-01]
   [-2.77479738e-03]
   [-3.64069119e-02]
   [-4.35777679e-02]
   [-9.32080373e-02]
   [-5.87031916e-02]
   [-4.29915413e-02]
   [-3.46153602e-02]
   [-3.06792036e-02]]

  [[ 3.00170839e-01]
   [ 3.54979396e-01]
   [ 4.03088629e-01]
   [ 3.93845290e-01]
   [ 3.86339426e-01]
   [ 3.21221024e-01]
   [ 2.46373117e-01]
   [ 2.73327798e-01]
   [ 3.95831525e-01]
   [ 4.13261443e-01]
   [ 3.57846439e-01]
   [ 2.93705702e-01]
   [ 3.32717329e-01]
   [ 3.68197680e-01]
   [ 3.03434283e-01]
   [ 3.02404732e-01]
   [ 3.60282987e-01]
   [ 3.95974219e-01]
   [ 3.27044964e-01]
   [ 2.99190819e-01]
   [ 3.09536099e-01]
   [ 3.27669919e-01]
   [ 3.94991994e-01]
   [ 4.81494039e-01]
   [ 4.99928713e-01]
   [-1.90056041e-02]
   [-5.04889712e-02]
   [-4.26858738e-02]
   [-7.05280975e-02]
   [-5.30445650e-02]
   [-4.51910570e-02]
   [-3.72232273e-02]
   [-2.08033919e-02]]

  [[ 3.30045074e-01]
   [ 4.00667489e-01]
   [ 4.34175372e-01]
   [ 3.93372625e-01]
   [ 3.63858849e-01]
   [ 3.11159134e-01]
   [ 2.85052598e-01]
   [ 3.37799400e-01]
   [ 4.64654982e-01]
   [ 3.74550611e-01]
   [ 2.97141224e-01]
   [ 3.44038129e-01]
   [ 4.61270332e-01]
   [ 4.84929442e-01]
   [ 3.79118264e-01]
   [ 3.35400790e-01]
   [ 3.76107275e-01]
   [ 4.70304847e-01]
   [ 4.15967941e-01]
   [ 3.40517908e-01]
   [ 3.10786843e-01]
   [ 3.16286534e-01]
   [ 4.55310106e-01]
   [ 5.70130706e-01]
   [ 5.60307443e-01]
   [-1.33861080e-02]
   [-3.59858051e-02]
   [-2.91512832e-02]
   [-4.36672345e-02]
   [-6.32277802e-02]
   [-4.58180383e-02]
   [-1.78593844e-02]
   [-1.62899941e-02]]

  [[ 3.60261202e-01]
   [ 4.27169532e-01]
   [ 4.49426830e-01]
   [ 3.93040001e-01]
   [ 3.41100872e-01]
   [ 3.10379893e-01]
   [ 3.17608654e-01]
   [ 4.26041096e-01]
   [ 4.90219802e-01]
   [ 3.10983419e-01]
   [ 2.66177684e-01]
   [ 3.52539152e-01]
   [ 4.98252809e-01]
   [ 5.26320040e-01]
   [ 3.89937520e-01]
   [ 3.23333800e-01]
   [ 3.49126399e-01]
   [ 4.86473620e-01]
   [ 4.87671345e-01]
   [ 3.99994940e-01]
   [ 3.40459138e-01]
   [ 3.23109210e-01]
   [ 4.98205721e-01]
   [ 6.05979443e-01]
   [ 5.50945759e-01]
   [-7.56214559e-03]
   [-1.05422810e-02]
   [-2.94844583e-02]
   [-3.57977822e-02]
   [-8.44562724e-02]
   [-4.37346324e-02]
   [-9.73783433e-04]
   [-5.69789857e-03]]

  [[ 3.92421484e-01]
   [ 4.43426043e-01]
   [ 4.56372619e-01]
   [ 3.74844491e-01]
   [ 3.28297377e-01]
   [ 3.27699095e-01]
   [ 3.41144294e-01]
   [ 4.69739616e-01]
   [ 4.51958269e-01]
   [ 2.64150590e-01]
   [ 2.62799174e-01]
   [ 3.59270692e-01]
   [ 5.03575623e-01]
   [ 5.40004194e-01]
   [ 3.89896572e-01]
   [ 2.98810929e-01]
   [ 3.03653866e-01]
   [ 4.16352570e-01]
   [ 4.82532054e-01]
   [ 4.55757797e-01]
   [ 3.69336903e-01]
   [ 3.14678162e-01]
   [ 4.38076556e-01]
   [ 5.76071084e-01]
   [ 5.08640289e-01]
   [-8.96187127e-03]
   [-4.46111709e-03]
   [-3.80334929e-02]
   [-2.94470266e-02]
   [-7.74178877e-02]
   [-3.25912908e-02]
   [ 4.18004394e-03]
   [-1.00771263e-02]]

  [[ 3.96184802e-01]
   [ 4.36899543e-01]
   [ 4.40688431e-01]
   [ 3.52599591e-01]
   [ 3.05000603e-01]
   [ 3.22339982e-01]
   [ 3.75852466e-01]
   [ 4.91367012e-01]
   [ 4.02718633e-01]
   [ 2.43451893e-01]
   [ 2.55868942e-01]
   [ 3.37744832e-01]
   [ 4.88917947e-01]
   [ 5.03440619e-01]
   [ 3.41878057e-01]
   [ 2.58119375e-01]
   [ 2.57727236e-01]
   [ 3.03720713e-01]
   [ 3.93087029e-01]
   [ 4.42709088e-01]
   [ 3.65394592e-01]
   [ 2.84554660e-01]
   [ 3.45200926e-01]
   [ 4.85006452e-01]
   [ 4.71082330e-01]
   [ 3.16505805e-02]
   [-5.37530333e-03]
   [-1.81756169e-02]
   [-1.28508061e-02]
   [-6.94318786e-02]
   [-2.04016641e-02]
   [-1.42788142e-03]
   [-1.55939907e-03]]

  [[ 3.73029798e-01]
   [ 4.02859867e-01]
   [ 3.99582118e-01]
   [ 3.25992227e-01]
   [ 2.87244141e-01]
   [ 3.13303053e-01]
   [ 4.25094903e-01]
   [ 4.64860618e-01]
   [ 3.36289316e-01]
   [ 2.41849720e-01]
   [ 2.69309014e-01]
   [ 3.20890695e-01]
   [ 4.32281584e-01]
   [ 4.35735524e-01]
   [ 3.04873437e-01]
   [ 2.40675360e-01]
   [ 2.43848443e-01]
   [ 2.56425291e-01]
   [ 3.19655091e-01]
   [ 3.86004776e-01]
   [ 3.48936945e-01]
   [ 2.90528834e-01]
   [ 3.14826399e-01]
   [ 3.89368415e-01]
   [ 4.14230376e-01]
   [ 7.16764703e-02]
   [-7.28213042e-03]
   [-2.50645727e-03]
   [ 2.57874280e-03]
   [-7.11576715e-02]
   [-1.68734267e-02]
   [ 2.08030716e-02]
   [ 1.34807229e-02]]

  [[ 3.53227973e-01]
   [ 3.68305385e-01]
   [ 3.59459221e-01]
   [ 3.06236118e-01]
   [ 3.11987221e-01]
   [ 3.78658473e-01]
   [ 4.73789155e-01]
   [ 4.04657423e-01]
   [ 2.88225174e-01]
   [ 2.61955410e-01]
   [ 2.96779752e-01]
   [ 3.33473504e-01]
   [ 3.74221623e-01]
   [ 3.66094232e-01]
   [ 2.87142783e-01]
   [ 2.40024626e-01]
   [ 2.49143958e-01]
   [ 2.69891381e-01]
   [ 3.11980605e-01]
   [ 3.45561117e-01]
   [ 3.31705064e-01]
   [ 3.13288689e-01]
   [ 3.35269600e-01]
   [ 3.73825550e-01]
   [ 3.67932796e-01]
   [ 7.19225258e-02]
   [-9.94950533e-04]
   [ 5.81209362e-03]
   [-2.47742981e-03]
   [-5.47296777e-02]
   [-8.98722559e-03]
   [ 9.94361192e-03]
   [ 2.25040391e-02]]

  [[ 3.66278112e-01]
   [ 3.73238534e-01]
   [ 3.39556366e-01]
   [ 3.03972542e-01]
   [ 3.50152373e-01]
   [ 4.61892247e-01]
   [ 4.65729833e-01]
   [ 3.33849728e-01]
   [ 2.77108639e-01]
   [ 3.07374150e-01]
   [ 3.46246988e-01]
   [ 3.73899579e-01]
   [ 3.66246760e-01]
   [ 3.45557600e-01]
   [ 3.00487012e-01]
   [ 2.79171497e-01]
   [ 3.00295115e-01]
   [ 3.11889738e-01]
   [ 3.20238262e-01]
   [ 3.32800537e-01]
   [ 3.71776462e-01]
   [ 3.80095899e-01]
   [ 3.84356856e-01]
   [ 4.17601526e-01]
   [ 3.71787608e-01]
   [ 7.35818893e-02]
   [ 8.22419673e-03]
   [-2.09610909e-03]
   [-1.16603449e-02]
   [-4.57226858e-02]
   [-1.17181018e-02]
   [ 2.76976302e-02]
   [ 2.53919736e-02]]

  [[ 4.16392922e-01]
   [ 4.08448815e-01]
   [ 3.32702070e-01]
   [ 3.17018688e-01]
   [ 4.20345366e-01]
   [ 5.26073635e-01]
   [ 4.25026000e-01]
   [ 3.02039474e-01]
   [ 2.94183463e-01]
   [ 3.57813120e-01]
   [ 3.91785920e-01]
   [ 4.05052662e-01]
   [ 3.76098394e-01]
   [ 3.37390512e-01]
   [ 3.06531578e-01]
   [ 3.18017036e-01]
   [ 3.52463096e-01]
   [ 3.45791429e-01]
   [ 3.23118985e-01]
   [ 3.39700013e-01]
   [ 4.60835695e-01]
   [ 5.06886125e-01]
   [ 4.64699060e-01]
   [ 4.50052172e-01]
   [ 3.65811586e-01]
   [ 8.07129890e-02]
   [ 1.28887072e-02]
   [-8.55007023e-03]
   [-2.77841091e-02]
   [-4.23508957e-02]
   [-1.01932436e-02]
   [ 1.91507861e-02]
   [ 3.54547277e-02]]

  [[ 4.51063931e-01]
   [ 3.93128425e-01]
   [ 2.93028325e-01]
   [ 3.07631046e-01]
   [ 4.46352839e-01]
   [ 5.12000442e-01]
   [ 3.81078482e-01]
   [ 2.91782409e-01]
   [ 3.13452303e-01]
   [ 3.75521719e-01]
   [ 4.22747791e-01]
   [ 4.20329094e-01]
   [ 3.87128055e-01]
   [ 3.19479257e-01]
   [ 2.92154551e-01]
   [ 3.29459578e-01]
   [ 3.86907071e-01]
   [ 3.73484910e-01]
   [ 3.16290885e-01]
   [ 3.27861726e-01]
   [ 4.72903728e-01]
   [ 5.43103755e-01]
   [ 4.92566407e-01]
   [ 4.64509726e-01]
   [ 3.51571262e-01]
   [ 7.02852011e-02]
   [ 5.00857085e-03]
   [-5.99103421e-03]
   [-2.39629149e-02]
   [-5.12770191e-02]
   [-1.56984851e-02]
   [ 3.44044715e-03]
   [ 2.45743468e-02]]

  [[ 4.49844748e-01]
   [ 3.47941279e-01]
   [ 2.52147794e-01]
   [ 3.01137745e-01]
   [ 4.26356494e-01]
   [ 4.48719501e-01]
   [ 3.42378765e-01]
   [ 2.73164213e-01]
   [ 3.09418619e-01]
   [ 3.74388307e-01]
   [ 4.30437267e-01]
   [ 4.25656080e-01]
   [ 3.86203229e-01]
   [ 2.96152055e-01]
   [ 2.67848521e-01]
   [ 3.19027126e-01]
   [ 3.93723786e-01]
   [ 3.76478195e-01]
   [ 3.03450108e-01]
   [ 3.03901911e-01]
   [ 4.21553701e-01]
   [ 5.05359769e-01]
   [ 4.85652894e-01]
   [ 4.59948480e-01]
   [ 3.32599968e-01]
   [ 5.49650118e-02]
   [ 4.19830531e-03]
   [-6.10039383e-03]
   [-3.02869156e-02]
   [-6.14898875e-02]
   [-3.17659229e-03]
   [-3.48547846e-03]
   [ 6.87404722e-03]]

  [[ 4.12917674e-01]
   [ 3.06376427e-01]
   [ 2.37693429e-01]
   [ 2.97684759e-01]
   [ 3.91076267e-01]
   [ 3.82777810e-01]
   [ 3.03938419e-01]
   [ 2.71425158e-01]
   [ 2.99056232e-01]
   [ 3.77631187e-01]
   [ 4.24729109e-01]
   [ 4.12195086e-01]
   [ 3.57971668e-01]
   [ 2.75456965e-01]
   [ 2.55347103e-01]
   [ 3.03470969e-01]
   [ 3.70473981e-01]
   [ 3.48782897e-01]
   [ 2.88673282e-01]
   [ 2.86372244e-01]
   [ 3.62587988e-01]
   [ 4.34129357e-01]
   [ 4.38142180e-01]
   [ 4.30863440e-01]
   [ 3.05942625e-01]
   [ 3.72693613e-02]
   [-3.65253612e-02]
   [-2.33385786e-02]
   [-1.76889226e-02]
   [-5.82806244e-02]
   [-1.05582550e-02]
   [-1.19366720e-02]
   [ 4.75702435e-03]]

  [[ 3.58073056e-01]
   [ 2.90052831e-01]
   [ 2.56964654e-01]
   [ 3.13849539e-01]
   [ 3.70417953e-01]
   [ 3.36705714e-01]
   [ 2.67645568e-01]
   [ 2.75268316e-01]
   [ 3.13113779e-01]
   [ 3.86936665e-01]
   [ 4.10983384e-01]
   [ 3.78843963e-01]
   [ 3.22011173e-01]
   [ 2.67645031e-01]
   [ 2.56671548e-01]
   [ 2.91223288e-01]
   [ 3.33531857e-01]
   [ 3.12620699e-01]
   [ 2.79337913e-01]
   [ 2.85540283e-01]
   [ 3.27012748e-01]
   [ 3.75615537e-01]
   [ 3.77033055e-01]
   [ 3.86353731e-01]
   [ 2.94211477e-01]
   [ 4.59064581e-02]
   [-4.76465449e-02]
   [-4.24624309e-02]
   [-4.66328338e-02]
   [-4.51731905e-02]
   [-1.74081400e-02]
   [-3.26131955e-02]
   [-1.01909190e-02]]

  [[ 3.08889985e-01]
   [ 2.96625942e-01]
   [ 3.02709132e-01]
   [ 3.45740825e-01]
   [ 3.68761957e-01]
   [ 2.95844704e-01]
   [ 2.33519614e-01]
   [ 2.98849285e-01]
   [ 3.67835701e-01]
   [ 4.14405525e-01]
   [ 3.93907487e-01]
   [ 3.46452504e-01]
   [ 2.99585342e-01]
   [ 2.69783139e-01]
   [ 2.68844247e-01]
   [ 2.87887126e-01]
   [ 3.06723356e-01]
   [ 2.90596128e-01]
   [ 2.88118929e-01]
   [ 3.27620327e-01]
   [ 3.50049257e-01]
   [ 3.67023855e-01]
   [ 3.75252485e-01]
   [ 4.03306723e-01]
   [ 3.44605416e-01]
   [ 3.41717489e-02]
   [-5.36910221e-02]
   [-5.40938750e-02]
   [-8.18238929e-02]
   [-7.12019727e-02]
   [-3.04340795e-02]
   [-2.32405439e-02]
   [-1.10120401e-02]]

  [[ 2.60687053e-01]
   [ 2.94612557e-01]
   [ 3.39047819e-01]
   [ 3.68655264e-01]
   [ 3.61418724e-01]
   [ 2.67016441e-01]
   [ 2.11857751e-01]
   [ 3.43158543e-01]
   [ 4.60592866e-01]
   [ 4.46700692e-01]
   [ 3.79038692e-01]
   [ 3.28312814e-01]
   [ 2.95574158e-01]
   [ 2.89790928e-01]
   [ 2.87559241e-01]
   [ 2.94230312e-01]
   [ 3.02418649e-01]
   [ 2.91279376e-01]
   [ 3.21112901e-01]
   [ 3.93724769e-01]
   [ 4.05950785e-01]
   [ 3.79865915e-01]
   [ 3.85193408e-01]
   [ 4.74374980e-01]
   [ 4.47854698e-01]
   [-5.40039316e-02]
   [-6.47749081e-02]
   [-6.08050749e-02]
   [-7.36066326e-02]
   [-7.26235881e-02]
   [-3.95553485e-02]
   [-1.91129893e-02]
   [-9.34845954e-03]]

  [[ 2.16400325e-01]
   [ 2.81094611e-01]
   [ 3.55874598e-01]
   [ 3.72123778e-01]
   [ 3.47252488e-01]
   [ 2.51317143e-01]
   [ 2.14512542e-01]
   [ 3.68858218e-01]
   [ 5.12598634e-01]
   [ 4.61772770e-01]
   [ 3.68980110e-01]
   [ 3.23432922e-01]
   [ 3.12330484e-01]
   [ 3.21745932e-01]
   [ 3.08867425e-01]
   [ 3.03874284e-01]
   [ 3.04702222e-01]
   [ 2.99030066e-01]
   [ 3.47230494e-01]
   [ 4.42106187e-01]
   [ 4.59483922e-01]
   [ 3.90836358e-01]
   [ 3.47370714e-01]
   [ 4.75222081e-01]
   [ 5.29145658e-01]
   [-2.80762836e-02]
   [-6.70881793e-02]
   [-8.02489147e-02]
   [-7.19516948e-02]
   [-7.17524067e-02]
   [-4.28199247e-02]
   [-2.68996730e-02]
   [-1.93032548e-02]]

  [[ 1.56072155e-01]
   [ 2.64418393e-01]
   [ 3.62656593e-01]
   [ 3.55347097e-01]
   [ 3.17817301e-01]
   [ 2.31639773e-01]
   [ 2.22622335e-01]
   [ 3.45046997e-01]
   [ 4.82190371e-01]
   [ 4.42572594e-01]
   [ 3.50181788e-01]
   [ 3.11881930e-01]
   [ 3.21962684e-01]
   [ 3.46785516e-01]
   [ 3.37056607e-01]
   [ 3.09900939e-01]
   [ 2.98116803e-01]
   [ 2.99050421e-01]
   [ 3.54955435e-01]
   [ 4.58476722e-01]
   [ 4.72168267e-01]
   [ 3.90437663e-01]
   [ 3.21946681e-01]
   [ 3.92073810e-01]
   [ 5.03141522e-01]
   [ 2.50513181e-02]
   [-7.81562403e-02]
   [-8.65368918e-02]
   [-7.43598714e-02]
   [-9.66699794e-02]
   [-4.22177985e-02]
   [-2.73757949e-02]
   [-2.18040794e-02]]

  [[ 1.31298646e-01]
   [ 2.63954371e-01]
   [ 3.66007268e-01]
   [ 3.35744381e-01]
   [ 2.79843718e-01]
   [ 2.19245061e-01]
   [ 2.29293168e-01]
   [ 3.20501804e-01]
   [ 4.21221137e-01]
   [ 4.00748074e-01]
   [ 3.22640032e-01]
   [ 2.88539708e-01]
   [ 3.04032266e-01]
   [ 3.48406285e-01]
   [ 3.49649429e-01]
   [ 3.03676754e-01]
   [ 2.81382978e-01]
   [ 2.89635420e-01]
   [ 3.49687099e-01]
   [ 4.31509465e-01]
   [ 4.34861720e-01]
   [ 3.57203186e-01]
   [ 2.92625576e-01]
   [ 2.50730872e-01]
   [ 3.55026007e-01]
   [ 3.92791256e-02]
   [-5.19133583e-02]
   [-8.31658617e-02]
   [-7.23866895e-02]
   [-1.05985291e-01]
   [-5.20239547e-02]
   [-2.68020779e-02]
   [-1.89481229e-02]]

  [[ 1.39375970e-01]
   [ 2.61330098e-01]
   [ 3.48413795e-01]
   [ 3.02632451e-01]
   [ 2.57228673e-01]
   [ 2.45344669e-01]
   [ 2.62553006e-01]
   [ 3.19453061e-01]
   [ 3.58634293e-01]
   [ 3.36027533e-01]
   [ 2.84569532e-01]
   [ 2.64899731e-01]
   [ 2.84764051e-01]
   [ 3.28032255e-01]
   [ 3.32609236e-01]
   [ 2.84010410e-01]
   [ 2.58548468e-01]
   [ 2.78434396e-01]
   [ 3.43531817e-01]
   [ 3.98371100e-01]
   [ 3.84866476e-01]
   [ 3.12927008e-01]
   [ 2.77573317e-01]
   [ 1.99707553e-01]
   [ 2.41977006e-01]
   [ 2.59196460e-02]
   [-7.41759315e-02]
   [-7.42339566e-02]
   [-4.79649827e-02]
   [-8.59842226e-02]
   [-3.96992639e-02]
   [-3.77562866e-02]
   [-2.36861333e-02]]

  [[ 1.65823311e-01]
   [ 2.84006089e-01]
   [ 3.24273795e-01]
   [ 2.77444035e-01]
   [ 2.56574720e-01]
   [ 2.82236367e-01]
   [ 3.11516464e-01]
   [ 3.35022867e-01]
   [ 3.14255893e-01]
   [ 2.86930799e-01]
   [ 2.64715910e-01]
   [ 2.61164069e-01]
   [ 2.82411844e-01]
   [ 3.07512313e-01]
   [ 3.11826825e-01]
   [ 2.70922631e-01]
   [ 2.48941094e-01]
   [ 2.90661156e-01]
   [ 3.55922937e-01]
   [ 3.76823425e-01]
   [ 3.61266911e-01]
   [ 3.04910392e-01]
   [ 2.66732723e-01]
   [ 2.54564077e-01]
   [ 2.59864450e-01]
   [ 2.53788456e-02]
   [-4.79753390e-02]
   [-5.48612401e-02]
   [-4.75885198e-02]
   [-6.86305091e-02]
   [-2.31792778e-02]
   [-3.15491036e-02]
   [-1.43987164e-02]]

  [[ 2.62297750e-01]
   [ 3.64140123e-01]
   [ 3.23645294e-01]
   [ 2.55792290e-01]
   [ 2.55650729e-01]
   [ 3.05282712e-01]
   [ 3.49907994e-01]
   [ 3.56136978e-01]
   [ 2.97031969e-01]
   [ 2.64591724e-01]
   [ 2.62494206e-01]
   [ 2.72583038e-01]
   [ 2.89195806e-01]
   [ 2.98270464e-01]
   [ 2.97825485e-01]
   [ 2.68161982e-01]
   [ 2.64868349e-01]
   [ 3.24373454e-01]
   [ 3.78556132e-01]
   [ 3.67376626e-01]
   [ 3.52986783e-01]
   [ 3.12613815e-01]
   [ 2.92154610e-01]
   [ 3.22866172e-01]
   [ 3.11135650e-01]
   [ 5.57755679e-03]
   [-2.33615562e-02]
   [-3.81483510e-02]
   [-5.60878739e-02]
   [-6.95391372e-02]
   [-2.79592574e-02]
   [-2.40335092e-02]
   [-6.44611567e-03]]

  [[ 3.29235643e-01]
   [ 4.05607641e-01]
   [ 3.01309854e-01]
   [ 2.16435522e-01]
   [ 2.35285670e-01]
   [ 3.06976646e-01]
   [ 3.84358048e-01]
   [ 3.89531851e-01]
   [ 3.05700839e-01]
   [ 2.63376981e-01]
   [ 2.71324068e-01]
   [ 2.86878318e-01]
   [ 3.05005789e-01]
   [ 3.02945077e-01]
   [ 2.91345060e-01]
   [ 2.70184577e-01]
   [ 2.97032833e-01]
   [ 3.68671358e-01]
   [ 3.96506786e-01]
   [ 3.62138689e-01]
   [ 3.45615029e-01]
   [ 3.26467931e-01]
   [ 3.18121225e-01]
   [ 3.64599109e-01]
   [ 3.19230437e-01]
   [ 1.28290877e-02]
   [-5.63180447e-03]
   [-2.66466811e-02]
   [-4.99456003e-02]
   [-6.07535616e-02]
   [-2.38601789e-02]
   [-1.47574469e-02]
   [-6.07401133e-04]]

  [[ 3.76515388e-01]
   [ 4.07887459e-01]
   [ 2.78012782e-01]
   [ 1.81475073e-01]
   [ 2.08995655e-01]
   [ 2.79123396e-01]
   [ 3.77785981e-01]
   [ 3.98816854e-01]
   [ 3.11637819e-01]
   [ 2.49816179e-01]
   [ 2.61627376e-01]
   [ 2.93949246e-01]
   [ 3.16120207e-01]
   [ 3.04542571e-01]
   [ 2.79688925e-01]
   [ 2.76855260e-01]
   [ 3.44205201e-01]
   [ 4.10949618e-01]
   [ 4.01201606e-01]
   [ 3.61565471e-01]
   [ 3.38170916e-01]
   [ 3.19561362e-01]
   [ 3.23761135e-01]
   [ 3.75231922e-01]
   [ 2.80900180e-01]
   [ 1.14354491e-02]
   [-4.61203828e-02]
   [-1.27301589e-02]
   [-3.71431038e-02]
   [-4.66948375e-02]
   [-2.46930048e-02]
   [-1.00874081e-02]
   [ 4.04942781e-03]]

  [[ 4.12317693e-01]
   [ 3.72411072e-01]
   [ 2.30872124e-01]
   [ 1.69555053e-01]
   [ 1.81470752e-01]
   [ 2.36223787e-01]
   [ 3.40050757e-01]
   [ 3.76342237e-01]
   [ 3.04275185e-01]
   [ 2.43328929e-01]
   [ 2.54569113e-01]
   [ 2.94667959e-01]
   [ 3.22509289e-01]
   [ 2.97513872e-01]
   [ 2.66487569e-01]
   [ 2.80743182e-01]
   [ 3.96465421e-01]
   [ 4.45989728e-01]
   [ 3.99509460e-01]
   [ 3.55511606e-01]
   [ 3.24416190e-01]
   [ 3.07938367e-01]
   [ 3.23238671e-01]
   [ 3.73010159e-01]
   [ 2.11009294e-01]
   [ 1.31787136e-02]
   [-1.48420110e-02]
   [-5.00835478e-04]
   [-3.27501073e-02]
   [-4.86209467e-02]
   [-2.12877169e-02]
   [-5.74048609e-03]
   [ 8.90741497e-03]]

  [[ 3.93646121e-01]
   [ 3.07982355e-01]
   [ 2.07510620e-01]
   [ 1.84352189e-01]
   [ 1.83187395e-01]
   [ 2.22134441e-01]
   [ 3.09543848e-01]
   [ 3.41313958e-01]
   [ 2.87836850e-01]
   [ 2.40587652e-01]
   [ 2.32235402e-01]
   [ 2.79984742e-01]
   [ 3.17313403e-01]
   [ 2.88753241e-01]
   [ 2.54752070e-01]
   [ 2.89175451e-01]
   [ 4.14309442e-01]
   [ 4.28795189e-01]
   [ 3.72215092e-01]
   [ 3.32120925e-01]
   [ 3.03745836e-01]
   [ 2.93910593e-01]
   [ 2.92565554e-01]
   [ 3.09287548e-01]
   [ 1.57456502e-01]
   [ 3.67783345e-02]
   [ 1.41714439e-02]
   [-1.16210431e-03]
   [-2.66137719e-02]
   [-2.43003219e-02]
   [ 3.18153948e-03]
   [-4.19974327e-04]
   [ 1.35292187e-02]]]]