[[[[0.4795788 ]
   [0.4236742 ]
   [0.31107894]
   [0.266805  ]
   [0.29501742]
   [0.40868303]
   [0.4409442 ]
   [0.39282572]
   [0.28643665]
   [0.25177643]
   [0.27246308]
   [0.33392042]
   [0.3651803 ]
   [0.33821365]
   [0.24173808]
   [0.23579198]
   [0.34636545]
   [0.42918   ]
   [0.35332787]
   [0.33022475]
   [0.3394087 ]
   [0.33141628]
   [0.36384314]
   [0.41745287]
   [0.38739938]
   [0.09397331]
   [0.        ]
   [0.        ]
   [0.02178737]
   [0.        ]
   [0.        ]
   [0.        ]
   [0.01232875]]

  [[0.463678  ]
   [0.399085  ]
   [0.2728709 ]
   [0.24982461]
   [0.303096  ]
   [0.40798172]
   [0.46196187]
   [0.40427494]
   [0.29660267]
   [0.26744458]
   [0.30409676]
   [0.35394233]
   [0.3769861 ]
   [0.33804026]
   [0.2402758 ]
   [0.2287677 ]
   [0.30667648]
   [0.3998457 ]
   [0.3556551 ]
   [0.35312676]
   [0.39206597]
   [0.3528557 ]
   [0.34834749]
   [0.39978212]
   [0.3494171 ]
   [0.        ]
   [0.        ]
   [0.        ]
   [0.        ]
   [0.        ]
   [0.        ]
   [0.        ]
   [0.00858564]]

  [[0.44502294]
   [0.3703605 ]
   [0.27561653]
   [0.27792117]
   [0.32779437]
   [0.42705318]
   [0.43501574]
   [0.3653685 ]
   [0.31634784]
   [0.33945084]
   [0.37725493]
   [0.39748314]
   [0.36535144]
   [0.32931218]
   [0.29263312]
   [0.28519234]
   [0.31917942]
   [0.3629138 ]
   [0.37401545]
   [0.44184428]
   [0.504316  ]
   [0.41266966]
   [0.34566835]
   [0.39590627]
   [0.36330676]
   [0.00856972]
   [0.        ]
   [0.        ]
   [0.        ]
   [0.        ]
   [0.        ]
   [0.        ]
   [0.        ]]

  [[0.427263  ]
   [0.33690405]
   [0.26779178]
   [0.29270983]
   [0.38467383]
   [0.47299564]
   [0.38481787]
   [0.33278367]
   [0.37747496]
   [0.44113737]
   [0.47491804]
   [0.4377857 ]
   [0.3157912 ]
   [0.3182432 ]
   [0.41618097]
   [0.44277307]
   [0.40408492]
   [0.32000592]
   [0.31975514]
   [0.47894818]
   [0.5623716 ]
   [0.44788605]
   [0.36933088]
   [0.39860463]
   [0.3391113 ]
   [0.        ]
   [0.        ]
   [0.        ]
   [0.        ]
   [0.        ]
   [0.        ]
   [0.        ]
   [0.        ]]

  [[0.40009657]
   [0.31951275]
   [0.2883258 ]
   [0.331816  ]
   [0.4605678 ]
   [0.48453248]
   [0.30239958]
   [0.3019036 ]
   [0.40861547]
   [0.47500956]
   [0.49984324]
   [0.3726406 ]
   [0.24466762]
   [0.28695038]
   [0.50199074]
   [0.5726453 ]
   [0.46791273]
   [0.30190542]
   [0.29325962]
   [0.44070095]
   [0.55915695]
   [0.44856024]
   [0.37129033]
   [0.37525252]
   [0.35481763]
   [0.        ]
   [0.        ]
   [0.        ]
   [0.        ]
   [0.        ]
   [0.        ]
   [0.        ]
   [0.        ]]

  [[0.34822908]
   [0.3038562 ]
   [0.30944228]
   [0.36428255]
   [0.4716248 ]
   [0.4291606 ]
   [0.24008185]
   [0.27691156]
   [0.3989429 ]
   [0.475839  ]
   [0.47242892]
   [0.3104232 ]
   [0.21375953]
   [0.27596006]
   [0.48206764]
   [0.59585273]
   [0.49323428]
   [0.2981956 ]
   [0.27862367]
   [0.3835932 ]
   [0.48989865]
   [0.43328142]
   [0.3736026 ]
   [0.3609834 ]
   [0.3731348 ]
   [0.01099928]
   [0.        ]
   [0.        ]
   [0.        ]
   [0.        ]
   [0.        ]
   [0.        ]
   [0.        ]]

  [[0.302888  ]
   [0.2949991 ]
   [0.3299679 ]
   [0.37641662]
   [0.44289973]
   [0.37151885]
   [0.22681016]
   [0.26688278]
   [0.37310034]
   [0.46521497]
   [0.44534874]
   [0.2872327 ]
   [0.23137233]
   [0.27250525]
   [0.35686445]
   [0.46813184]
   [0.45730498]
   [0.3160731 ]
   [0.28806347]
   [0.3205832 ]
   [0.39978212]
   [0.39520478]
   [0.37360063]
   [0.37384367]
   [0.38841438]
   [0.        ]
   [0.        ]
   [0.        ]
   [0.        ]
   [0.        ]
   [0.        ]
   [0.        ]
   [0.        ]]

  [[0.28987226]
   [0.31328505]
   [0.36428964]
   [0.38662845]
   [0.4143417 ]
   [0.33738986]
   [0.22966218]
   [0.27317387]
   [0.3617846 ]
   [0.4354529 ]
   [0.40419126]
   [0.2671213 ]
   [0.23882043]
   [0.2734967 ]
   [0.2615591 ]
   [0.30195025]
   [0.36958337]
   [0.33938482]
   [0.29208136]
   [0.29215842]
   [0.33454433]
   [0.3498717 ]
   [0.37486714]
   [0.39171815]
   [0.42385486]
   [0.        ]
   [0.        ]
   [0.        ]
   [0.        ]
   [0.        ]
   [0.        ]
   [0.        ]
   [0.        ]]

  [[0.30017084]
   [0.3549794 ]
   [0.40308863]
   [0.3938453 ]
   [0.38633943]
   [0.32122102]
   [0.24637312]
   [0.2733278 ]
   [0.39583153]
   [0.41326144]
   [0.35784644]
   [0.2937057 ]
   [0.33271733]
   [0.36819768]
   [0.30343428]
   [0.30240473]
   [0.360283  ]
   [0.39597422]
   [0.32704496]
   [0.29919082]
   [0.3095361 ]
   [0.32766992]
   [0.394992  ]
   [0.48149404]
   [0.4999287 ]
   [0.        ]
   [0.        ]
   [0.        ]
   [0.        ]
   [0.        ]
   [0.        ]
   [0.        ]
   [0.        ]]

  [[0.33004507]
   [0.4006675 ]
   [0.43417537]
   [0.39337263]
   [0.36385885]
   [0.31115913]
   [0.2850526 ]
   [0.3377994 ]
   [0.46465498]
   [0.3745506 ]
   [0.29714122]
   [0.34403813]
   [0.46127033]
   [0.48492944]
   [0.37911826]
   [0.3354008 ]
   [0.37610728]
   [0.47030485]
   [0.41596794]
   [0.3405179 ]
   [0.31078684]
   [0.31628653]
   [0.4553101 ]
   [0.5701307 ]
   [0.56030744]
   [0.        ]
   [0.        ]
   [0.        ]
   [0.        ]
   [0.        ]
   [0.        ]
   [0.        ]
   [0.        ]]

  [[0.3602612 ]
   [0.42716953]
   [0.44942683]
   [0.39304   ]
   [0.34110087]
   [0.3103799 ]
   [0.31760865]
   [0.4260411 ]
   [0.4902198 ]
   [0.31098342]
   [0.26617768]
   [0.35253915]
   [0.4982528 ]
   [0.52632004]
   [0.38993752]
   [0.3233338 ]
   [0.3491264 ]
   [0.48647362]
   [0.48767135]
   [0.39999494]
   [0.34045914]
   [0.3231092 ]
   [0.49820572]
   [0.60597944]
   [0.55094576]
   [0.        ]
   [0.        ]
   [0.        ]
   [0.        ]
   [0.        ]
   [0.        ]
   [0.        ]
   [0.        ]]

  [[0.39242148]
   [0.44342604]
   [0.45637262]
   [0.3748445 ]
   [0.32829738]
   [0.3276991 ]
   [0.3411443 ]
   [0.46973962]
   [0.45195827]
   [0.2641506 ]
   [0.26279917]
   [0.3592707 ]
   [0.5035756 ]
   [0.5400042 ]
   [0.38989657]
   [0.29881093]
   [0.30365387]
   [0.41635257]
   [0.48253205]
   [0.4557578 ]
   [0.3693369 ]
   [0.31467816]
   [0.43807656]
   [0.5760711 ]
   [0.5086403 ]
   [0.        ]
   [0.        ]
   [0.        ]
   [0.        ]
   [0.        ]
   [0.        ]
   [0.00418004]
   [0.        ]]

  [[0.3961848 ]
   [0.43689954]
   [0.44068843]
   [0.3525996 ]
   [0.3050006 ]
   [0.32233998]
   [0.37585247]
   [0.491367  ]
   [0.40271863]
   [0.2434519 ]
   [0.25586894]
   [0.33774483]
   [0.48891795]
   [0.5034406 ]
   [0.34187806]
   [0.25811937]
   [0.25772724]
   [0.3037207 ]
   [0.39308703]
   [0.4427091 ]
   [0.3653946 ]
   [0.28455466]
   [0.34520093]
   [0.48500645]
   [0.47108233]
   [0.03165058]
   [0.        ]
   [0.        ]
   [0.        ]
   [0.        ]
   [0.        ]
   [0.        ]
   [0.        ]]

  [[0.3730298 ]
   [0.40285987]
   [0.39958212]
   [0.32599223]
   [0.28724414]
   [0.31330305]
   [0.4250949 ]
   [0.46486062]
   [0.33628932]
   [0.24184972]
   [0.269309  ]
   [0.3208907 ]
   [0.43228158]
   [0.43573552]
   [0.30487344]
   [0.24067536]
   [0.24384844]
   [0.2564253 ]
   [0.3196551 ]
   [0.38600478]
   [0.34893695]
   [0.29052883]
   [0.3148264 ]
   [0.3893684 ]
   [0.41423038]
   [0.07167647]
   [0.        ]
   [0.        ]
   [0.00257874]
   [0.        ]
   [0.        ]
   [0.02080307]
   [0.01348072]]

  [[0.35322797]
   [0.3683054 ]
   [0.35945922]
   [0.30623612]
   [0.31198722]
   [0.37865847]
   [0.47378916]
   [0.40465742]
   [0.28822517]
   [0.2619554 ]
   [0.29677975]
   [0.3334735 ]
   [0.37422162]
   [0.36609423]
   [0.28714278]
   [0.24002463]
   [0.24914396]
   [0.26989138]
   [0.3119806 ]
   [0.34556112]
   [0.33170506]
   [0.3132887 ]
   [0.3352696 ]
   [0.37382555]
   [0.3679328 ]
   [0.07192253]
   [0.        ]
   [0.00581209]
   [0.        ]
   [0.        ]
   [0.        ]
   [0.00994361]
   [0.02250404]]

  [[0.3662781 ]
   [0.37323853]
   [0.33955637]
   [0.30397254]
   [0.35015237]
   [0.46189225]
   [0.46572983]
   [0.33384973]
   [0.27710864]
   [0.30737415]
   [0.346247  ]
   [0.37389958]
   [0.36624676]
   [0.3455576 ]
   [0.300487  ]
   [0.2791715 ]
   [0.3002951 ]
   [0.31188974]
   [0.32023826]
   [0.33280054]
   [0.37177646]
   [0.3800959 ]
   [0.38435686]
   [0.41760153]
   [0.3717876 ]
   [0.07358189]
   [0.0082242 ]
   [0.        ]
   [0.        ]
   [0.        ]
   [0.        ]
   [0.02769763]
   [0.02539197]]

  [[0.41639292]
   [0.40844882]
   [0.33270207]
   [0.3170187 ]
   [0.42034537]
   [0.52607363]
   [0.425026  ]
   [0.30203947]
   [0.29418346]
   [0.35781312]
   [0.39178592]
   [0.40505266]
   [0.3760984 ]
   [0.3373905 ]
   [0.30653158]
   [0.31801704]
   [0.3524631 ]
   [0.34579143]
   [0.32311898]
   [0.3397    ]
   [0.4608357 ]
   [0.5068861 ]
   [0.46469906]
   [0.45005217]
   [0.3658116 ]
   [0.08071299]
   [0.01288871]
   [0.        ]
   [0.        ]
   [0.        ]
   [0.        ]
   [0.01915079]
   [0.03545473]]

  [[0.45106393]
   [0.39312842]
   [0.29302832]
   [0.30763105]
   [0.44635284]
   [0.51200044]
   [0.38107848]
   [0.2917824 ]
   [0.3134523 ]
   [0.37552172]
   [0.4227478 ]
   [0.4203291 ]
   [0.38712806]
   [0.31947926]
   [0.29215455]
   [0.32945958]
   [0.38690707]
   [0.3734849 ]
   [0.3162909 ]
   [0.32786173]
   [0.47290373]
   [0.54310375]
   [0.4925664 ]
   [0.46450973]
   [0.35157126]
   [0.0702852 ]
   [0.00500857]
   [0.        ]
   [0.        ]
   [0.        ]
   [0.        ]
   [0.00344045]
   [0.02457435]]

  [[0.44984475]
   [0.34794128]
   [0.2521478 ]
   [0.30113775]
   [0.4263565 ]
   [0.4487195 ]
   [0.34237877]
   [0.2731642 ]
   [0.30941862]
   [0.3743883 ]
   [0.43043727]
   [0.42565608]
   [0.38620323]
   [0.29615206]
   [0.26784852]
   [0.31902713]
   [0.3937238 ]
   [0.3764782 ]
   [0.3034501 ]
   [0.3039019 ]
   [0.4215537 ]
   [0.50535977]
   [0.4856529 ]
   [0.45994848]
   [0.33259997]
   [0.05496501]
   [0.00419831]
   [0.        ]
   [0.        ]
   [0.        ]
   [0.        ]
   [0.        ]
   [0.00687405]]

  [[0.41291767]
   [0.30637643]
   [0.23769343]
   [0.29768476]
   [0.39107627]
   [0.3827778 ]
   [0.30393842]
   [0.27142516]
   [0.29905623]
   [0.3776312 ]
   [0.4247291 ]
   [0.4121951 ]
   [0.35797167]
   [0.27545696]
   [0.2553471 ]
   [0.30347097]
   [0.37047398]
   [0.3487829 ]
   [0.28867328]
   [0.28637224]
   [0.362588  ]
   [0.43412936]
   [0.43814218]
   [0.43086344]
   [0.30594262]
   [0.03726936]
   [0.        ]
   [0.        ]
   [0.        ]
   [0.        ]
   [0.        ]
   [0.        ]
   [0.00475702]]

  [[0.35807306]
   [0.29005283]
   [0.25696465]
   [0.31384954]
   [0.37041795]
   [0.3367057 ]
   [0.26764557]
   [0.27526832]
   [0.31311378]
   [0.38693666]
   [0.41098338]
   [0.37884396]
   [0.32201117]
   [0.26764503]
   [0.25667155]
   [0.2912233 ]
   [0.33353186]
   [0.3126207 ]
   [0.2793379 ]
   [0.28554028]
   [0.32701275]
   [0.37561554]
   [0.37703305]
   [0.38635373]
   [0.29421148]
   [0.04590646]
   [0.        ]
   [0.        ]
   [0.        ]
   [0.        ]
   [0.        ]
   [0.        ]
   [0.        ]]

  [[0.30888999]
   [0.29662594]
   [0.30270913]
   [0.34574082]
   [0.36876196]
   [0.2958447 ]
   [0.23351961]
   [0.29884928]
   [0.3678357 ]
   [0.41440552]
   [0.3939075 ]
   [0.3464525 ]
   [0.29958534]
   [0.26978314]
   [0.26884425]
   [0.28788713]
   [0.30672336]
   [0.29059613]
   [0.28811893]
   [0.32762033]
   [0.35004926]
   [0.36702386]
   [0.3752525 ]
   [0.40330672]
   [0.34460542]
   [0.03417175]
   [0.        ]
   [0.        ]
   [0.        ]
   [0.        ]
   [0.        ]
   [0.        ]
   [0.        ]]

  [[0.26068705]
   [0.29461256]
   [0.33904782]
   [0.36865526]
   [0.36141872]
   [0.26701644]
   [0.21185775]
   [0.34315854]
   [0.46059287]
   [0.4467007 ]
   [0.3790387 ]
   [0.3283128 ]
   [0.29557416]
   [0.28979093]
   [0.28755924]
   [0.2942303 ]
   [0.30241865]
   [0.29127938]
   [0.3211129 ]
   [0.39372477]
   [0.40595078]
   [0.3798659 ]
   [0.3851934 ]
   [0.47437498]
   [0.4478547 ]
   [0.        ]
   [0.        ]
   [0.        ]
   [0.        ]
   [0.        ]
   [0.        ]
   [0.        ]
   [0.        ]]

  [[0.21640033]
   [0.2810946 ]
   [0.3558746 ]
   [0.37212378]
   [0.3472525 ]
   [0.25131714]
   [0.21451254]
   [0.36885822]
   [0.51259863]
   [0.46177277]
   [0.3689801 ]
   [0.32343292]
   [0.31233048]
   [0.32174593]
   [0.30886742]
   [0.30387428]
   [0.30470222]
   [0.29903007]
   [0.3472305 ]
   [0.4421062 ]
   [0.45948392]
   [0.39083636]
   [0.3473707 ]
   [0.47522208]
   [0.52914566]
   [0.        ]
   [0.        ]
   [0.        ]
   [0.        ]
   [0.        ]
   [0.        ]
   [0.        ]
   [0.        ]]

  [[0.15607215]
   [0.2644184 ]
   [0.3626566 ]
   [0.3553471 ]
   [0.3178173 ]
   [0.23163977]
   [0.22262233]
   [0.345047  ]
   [0.48219037]
   [0.4425726 ]
   [0.3501818 ]
   [0.31188193]
   [0.32196268]
   [0.34678552]
   [0.3370566 ]
   [0.30990094]
   [0.2981168 ]
   [0.29905042]
   [0.35495543]
   [0.45847672]
   [0.47216827]
   [0.39043766]
   [0.32194668]
   [0.3920738 ]
   [0.5031415 ]
   [0.02505132]
   [0.        ]
   [0.        ]
   [0.        ]
   [0.        ]
   [0.        ]
   [0.        ]
   [0.        ]]

  [[0.13129865]
   [0.26395437]
   [0.36600727]
   [0.33574438]
   [0.27984372]
   [0.21924506]
   [0.22929317]
   [0.3205018 ]
   [0.42122114]
   [0.40074807]
   [0.32264003]
   [0.2885397 ]
   [0.30403227]
   [0.34840629]
   [0.34964943]
   [0.30367675]
   [0.28138298]
   [0.28963542]
   [0.3496871 ]
   [0.43150946]
   [0.43486172]
   [0.3572032 ]
   [0.29262558]
   [0.25073087]
   [0.355026  ]
   [0.03927913]
   [0.        ]
   [0.        ]
   [0.        ]
   [0.        ]
   [0.        ]
   [0.        ]
   [0.        ]]

  [[0.13937597]
   [0.2613301 ]
   [0.3484138 ]
   [0.30263245]
   [0.25722867]
   [0.24534467]
   [0.262553  ]
   [0.31945306]
   [0.3586343 ]
   [0.33602753]
   [0.28456953]
   [0.26489973]
   [0.28476405]
   [0.32803226]
   [0.33260924]
   [0.2840104 ]
   [0.25854847]
   [0.2784344 ]
   [0.34353182]
   [0.3983711 ]
   [0.38486648]
   [0.312927  ]
   [0.27757332]
   [0.19970755]
   [0.241977  ]
   [0.02591965]
   [0.        ]
   [0.        ]
   [0.        ]
   [0.        ]
   [0.        ]
   [0.        ]
   [0.        ]]

  [[0.16582331]
   [0.2840061 ]
   [0.3242738 ]
   [0.27744403]
   [0.25657472]
   [0.28223637]
   [0.31151646]
   [0.33502287]
   [0.3142559 ]
   [0.2869308 ]
   [0.2647159 ]
   [0.26116407]
   [0.28241184]
   [0.3075123 ]
   [0.31182683]
   [0.27092263]
   [0.2489411 ]
   [0.29066116]
   [0.35592294]
   [0.37682343]
   [0.3612669 ]
   [0.3049104 ]
   [0.26673272]
   [0.25456408]
   [0.25986445]
   [0.02537885]
   [0.        ]
   [0.        ]
   [0.        ]
   [0.        ]
   [0.        ]
   [0.        ]
   [0.        ]]

  [[0.26229775]
   [0.36414012]
   [0.3236453 ]
   [0.2557923 ]
   [0.25565073]
   [0.3052827 ]
   [0.349908  ]
   [0.35613698]
   [0.29703197]
   [0.26459172]
   [0.2624942 ]
   [0.27258304]
   [0.2891958 ]
   [0.29827046]
   [0.2978255 ]
   [0.26816198]
   [0.26486835]
   [0.32437345]
   [0.37855613]
   [0.36737663]
   [0.35298678]
   [0.31261382]
   [0.2921546 ]
   [0.32286617]
   [0.31113565]
   [0.00557756]
   [0.        ]
   [0.        ]
   [0.        ]
   [0.        ]
   [0.        ]
   [0.        ]
   [0.        ]]

  [[0.32923564]
   [0.40560764]
   [0.30130985]
   [0.21643552]
   [0.23528567]
   [0.30697665]
   [0.38435805]
   [0.38953185]
   [0.30570084]
   [0.26337698]
   [0.27132407]
   [0.28687832]
   [0.3050058 ]
   [0.30294508]
   [0.29134506]
   [0.27018458]
   [0.29703283]
   [0.36867136]
   [0.3965068 ]
   [0.3621387 ]
   [0.34561503]
   [0.32646793]
   [0.31812122]
   [0.3645991 ]
   [0.31923044]
   [0.01282909]
   [0.        ]
   [0.        ]
   [0.        ]
   [0.        ]
   [0.        ]
   [0.        ]
   [0.        ]]

  [[0.3765154 ]
   [0.40788746]
   [0.27801278]
   [0.18147507]
   [0.20899566]
   [0.2791234 ]
   [0.37778598]
   [0.39881685]
   [0.31163782]
   [0.24981618]
   [0.26162738]
   [0.29394925]
   [0.3161202 ]
   [0.30454257]
   [0.27968892]
   [0.27685526]
   [0.3442052 ]
   [0.41094962]
   [0.4012016 ]
   [0.36156547]
   [0.33817092]
   [0.31956136]
   [0.32376114]
   [0.37523192]
   [0.28090018]
   [0.01143545]
   [0.        ]
   [0.        ]
   [0.        ]
   [0.        ]
   [0.        ]
   [0.        ]
   [0.00404943]]

  [[0.4123177 ]
   [0.37241107]
   [0.23087212]
   [0.16955505]
   [0.18147075]
   [0.23622379]
   [0.34005076]
   [0.37634224]
   [0.30427518]
   [0.24332893]
   [0.2545691 ]
   [0.29466796]
   [0.3225093 ]
   [0.29751387]
   [0.26648757]
   [0.28074318]
   [0.39646542]
   [0.44598973]
   [0.39950946]
   [0.3555116 ]
   [0.3244162 ]
   [0.30793837]
   [0.32323867]
   [0.37301016]
   [0.2110093 ]
   [0.01317871]
   [0.        ]
   [0.        ]
   [0.        ]
   [0.        ]
   [0.        ]
   [0.        ]
   [0.00890741]]

  [[0.39364612]
   [0.30798236]
   [0.20751062]
   [0.18435219]
   [0.1831874 ]
   [0.22213444]
   [0.30954385]
   [0.34131396]
   [0.28783685]
   [0.24058765]
   [0.2322354 ]
   [0.27998474]
   [0.3173134 ]
   [0.28875324]
   [0.25475207]
   [0.28917545]
   [0.41430944]
   [0.4287952 ]
   [0.3722151 ]
   [0.33212093]
   [0.30374584]
   [0.2939106 ]
   [0.29256555]
   [0.30928755]
   [0.1574565 ]
   [0.03677833]
   [0.01417144]
   [0.        ]
   [0.        ]
   [0.        ]
   [0.00318154]
   [0.        ]
   [0.01352922]]]]