[[[[ 2.02966928e+00]
   [ 1.66245377e+00]
   [ 1.32619131e+00]
   [ 8.05253327e-01]
   [ 1.02885687e+00]
   [ 1.55488384e+00]
   [ 1.80998766e+00]
   [ 1.57590556e+00]
   [ 9.60249841e-01]
   [ 7.88198829e-01]
   [ 8.59838963e-01]
   [ 1.33124554e+00]
   [ 1.51242912e+00]
   [ 1.39043021e+00]
   [ 8.28407049e-01]
   [ 7.79836535e-01]
   [ 1.27574778e+00]
   [ 1.67008770e+00]
   [ 1.38345540e+00]
   [ 1.16353166e+00]
   [ 1.37551677e+00]
   [ 1.24911630e+00]
   [ 1.30707943e+00]
   [ 1.52002060e+00]
   [ 1.34705031e+00]
   [ 4.22959775e-01]
   [-2.57532120e-01]
   [-5.69042116e-02]
   [-5.98415434e-02]
   [ 7.46149123e-02]
   [-1.56456620e-01]
   [-1.40135944e-01]
   [-1.80910807e-02]]

  [[ 1.52702045e+00]
   [ 1.37938559e+00]
   [ 1.08913910e+00]
   [ 5.35691679e-01]
   [ 8.94586742e-01]
   [ 1.65562677e+00]
   [ 1.76699817e+00]
   [ 1.72841442e+00]
   [ 9.32760477e-01]
   [ 1.03886187e+00]
   [ 1.10168684e+00]
   [ 1.36940503e+00]
   [ 1.26246214e+00]
   [ 1.26479757e+00]
   [ 7.09836006e-01]
   [ 6.06918812e-01]
   [ 9.04460311e-01]
   [ 1.46061933e+00]
   [ 1.24392068e+00]
   [ 1.28963459e+00]
   [ 1.56360817e+00]
   [ 1.40521014e+00]
   [ 1.05003226e+00]
   [ 1.39162385e+00]
   [ 1.27389359e+00]
   [ 9.64470953e-02]
   [-5.53930163e-01]
   [-4.47225094e-01]
   [-3.07598352e-01]
   [-1.20915413e-01]
   [-1.07563928e-01]
   [-2.06398711e-01]
   [-1.59646988e-01]]

  [[ 1.50690281e+00]
   [ 1.36247051e+00]
   [ 1.01324975e+00]
   [ 8.02042603e-01]
   [ 1.22412610e+00]
   [ 1.66019213e+00]
   [ 1.61854708e+00]
   [ 1.36537492e+00]
   [ 1.08560789e+00]
   [ 1.53068197e+00]
   [ 1.65498793e+00]
   [ 1.63709450e+00]
   [ 1.27644646e+00]
   [ 1.31440794e+00]
   [ 1.22528851e+00]
   [ 1.40277791e+00]
   [ 1.30283463e+00]
   [ 1.38833249e+00]
   [ 1.23850656e+00]
   [ 1.74882269e+00]
   [ 2.06210470e+00]
   [ 1.82364166e+00]
   [ 1.29518449e+00]
   [ 1.64997542e+00]
   [ 1.42140520e+00]
   [ 1.42179459e-01]
   [-4.09727842e-01]
   [-1.36445314e-01]
   [-2.47260392e-01]
   [-8.88824165e-02]
   [-3.11140031e-01]
   [-2.50172883e-01]
   [-2.11553276e-01]]

  [[ 1.42818332e+00]
   [ 1.22334492e+00]
   [ 1.07577121e+00]
   [ 8.33515882e-01]
   [ 1.65332448e+00]
   [ 1.64475691e+00]
   [ 1.58444583e+00]
   [ 1.23072708e+00]
   [ 1.37560451e+00]
   [ 1.76050878e+00]
   [ 1.96708488e+00]
   [ 1.78521478e+00]
   [ 9.16274369e-01]
   [ 1.28020871e+00]
   [ 1.58903015e+00]
   [ 1.95310724e+00]
   [ 1.88596451e+00]
   [ 1.32477725e+00]
   [ 9.33993459e-01]
   [ 1.65813160e+00]
   [ 2.49876070e+00]
   [ 2.12526846e+00]
   [ 1.30658567e+00]
   [ 1.55276573e+00]
   [ 1.34690249e+00]
   [ 2.54910946e-01]
   [-1.33980900e-01]
   [-8.47190022e-02]
   [ 8.96255858e-03]
   [-1.59252882e-01]
   [-4.02803570e-01]
   [-1.46847874e-01]
   [-2.09190011e-01]]

  [[ 1.05720079e+00]
   [ 1.22211289e+00]
   [ 1.15788889e+00]
   [ 8.33050370e-01]
   [ 1.86282158e+00]
   [ 1.89663780e+00]
   [ 1.11128652e+00]
   [ 1.03602648e+00]
   [ 1.37180030e+00]
   [ 2.04342365e+00]
   [ 2.07220554e+00]
   [ 1.60876524e+00]
   [ 6.99019551e-01]
   [ 9.02079225e-01]
   [ 1.67193937e+00]
   [ 2.40794086e+00]
   [ 2.09241390e+00]
   [ 1.14761901e+00]
   [ 7.17671096e-01]
   [ 1.29012549e+00]
   [ 2.11872649e+00]
   [ 1.88279080e+00]
   [ 1.16081107e+00]
   [ 1.44187534e+00]
   [ 1.39025009e+00]
   [ 3.54942024e-01]
   [-4.16003197e-01]
   [-2.32911766e-01]
   [ 2.80639995e-02]
   [-1.61563516e-01]
   [ 2.57262774e-03]
   [-4.56403702e-01]
   [-3.99155021e-01]]

  [[ 1.04994833e+00]
   [ 1.15971243e+00]
   [ 1.08271372e+00]
   [ 1.29636180e+00]
   [ 2.03942966e+00]
   [ 1.84381163e+00]
   [ 7.90318489e-01]
   [ 6.55333638e-01]
   [ 1.36685991e+00]
   [ 1.81329823e+00]
   [ 1.85868132e+00]
   [ 1.27679431e+00]
   [ 6.26645744e-01]
   [ 9.89592910e-01]
   [ 1.70390236e+00]
   [ 2.46462965e+00]
   [ 2.31021786e+00]
   [ 1.34858954e+00]
   [ 1.02484107e+00]
   [ 1.34524322e+00]
   [ 1.80897474e+00]
   [ 1.77344835e+00]
   [ 1.43456352e+00]
   [ 1.72388184e+00]
   [ 1.49225318e+00]
   [ 2.50301212e-01]
   [-6.72639132e-01]
   [-1.44992471e-01]
   [ 3.38515826e-03]
   [ 2.21443791e-02]
   [-1.90618336e-01]
   [-4.15541857e-01]
   [-3.92066151e-01]]

  [[ 9.03174162e-01]
   [ 1.02759922e+00]
   [ 1.16743314e+00]
   [ 1.21602273e+00]
   [ 1.56813848e+00]
   [ 1.44439566e+00]
   [ 7.60741651e-01]
   [ 6.71339452e-01]
   [ 1.39069855e+00]
   [ 1.89725351e+00]
   [ 1.71310627e+00]
   [ 1.18120658e+00]
   [ 5.49336314e-01]
   [ 5.93356133e-01]
   [ 1.17738426e+00]
   [ 1.92325461e+00]
   [ 1.71098363e+00]
   [ 1.24135542e+00]
   [ 6.62878036e-01]
   [ 9.91042733e-01]
   [ 1.50185788e+00]
   [ 1.35953462e+00]
   [ 1.21752393e+00]
   [ 1.69402230e+00]
   [ 1.51769578e+00]
   [ 3.83971214e-01]
   [-5.57073116e-01]
   [-5.19522548e-01]
   [-1.95887119e-01]
   [ 2.99593676e-02]
   [-2.05779597e-01]
   [-2.91023076e-01]
   [-2.83179849e-01]]

  [[ 7.96935797e-01]
   [ 1.07325137e+00]
   [ 1.54752409e+00]
   [ 1.29103541e+00]
   [ 1.51902997e+00]
   [ 1.51798797e+00]
   [ 8.74562919e-01]
   [ 6.68189049e-01]
   [ 1.42564797e+00]
   [ 1.85025609e+00]
   [ 1.71215022e+00]
   [ 1.11853194e+00]
   [ 5.83093882e-01]
   [ 1.06530142e+00]
   [ 9.37472105e-01]
   [ 9.22762454e-01]
   [ 1.14066231e+00]
   [ 1.30693197e+00]
   [ 1.00059438e+00]
   [ 9.64057863e-01]
   [ 1.21360290e+00]
   [ 1.19835126e+00]
   [ 1.27872145e+00]
   [ 2.09770322e+00]
   [ 1.66953433e+00]
   [ 3.55015963e-01]
   [-6.25508785e-01]
   [-3.88320208e-01]
   [-8.01986158e-02]
   [ 1.15232188e-02]
   [-4.20847118e-01]
   [-4.71464217e-01]
   [-2.57311463e-01]]

  [[ 8.15041900e-01]
   [ 1.40547931e+00]
   [ 1.84989798e+00]
   [ 1.52449441e+00]
   [ 1.46052575e+00]
   [ 1.21382654e+00]
   [ 8.65734935e-01]
   [ 1.09373605e+00]
   [ 1.58834064e+00]
   [ 1.66946375e+00]
   [ 1.37438524e+00]
   [ 1.11819744e+00]
   [ 1.34486973e+00]
   [ 1.84272146e+00]
   [ 1.30087602e+00]
   [ 9.90801454e-01]
   [ 1.18318498e+00]
   [ 1.87131011e+00]
   [ 1.54974282e+00]
   [ 1.28109396e+00]
   [ 1.06627584e+00]
   [ 9.52367902e-01]
   [ 1.48145819e+00]
   [ 2.43988824e+00]
   [ 1.92715406e+00]
   [ 5.26209116e-01]
   [-4.62435961e-01]
   [-1.45393878e-01]
   [-1.15630310e-02]
   [-5.93864322e-02]
   [-1.04803726e-01]
   [-3.72439533e-01]
   [-2.87652135e-01]]

  [[ 1.05767596e+00]
   [ 1.48879707e+00]
   [ 1.94898427e+00]
   [ 1.45763254e+00]
   [ 1.20932853e+00]
   [ 8.72179270e-01]
   [ 9.33587909e-01]
   [ 1.65108335e+00]
   [ 1.76091540e+00]
   [ 1.48497903e+00]
   [ 1.02597284e+00]
   [ 1.20644367e+00]
   [ 1.78117096e+00]
   [ 2.44575167e+00]
   [ 1.66465414e+00]
   [ 1.31661975e+00]
   [ 1.28824139e+00]
   [ 2.03950429e+00]
   [ 1.82572758e+00]
   [ 1.48432219e+00]
   [ 1.11726928e+00]
   [ 1.03696108e+00]
   [ 1.66645634e+00]
   [ 2.80947590e+00]
   [ 2.35556269e+00]
   [ 6.41319633e-01]
   [-5.24981737e-01]
   [-2.86440492e-01]
   [ 2.70444173e-02]
   [-1.97521269e-01]
   [-2.62091190e-01]
   [-1.25844777e-01]
   [-1.56890064e-01]]

  [[ 1.18045235e+00]
   [ 1.64795077e+00]
   [ 1.84657919e+00]
   [ 1.30982506e+00]
   [ 1.45057404e+00]
   [ 1.19135129e+00]
   [ 1.21945024e+00]
   [ 1.81238902e+00]
   [ 2.13218069e+00]
   [ 1.40848184e+00]
   [ 8.08831871e-01]
   [ 1.35399616e+00]
   [ 2.14738607e+00]
   [ 2.47881198e+00]
   [ 1.75029135e+00]
   [ 1.20394456e+00]
   [ 1.28196979e+00]
   [ 2.00884771e+00]
   [ 2.14039183e+00]
   [ 1.93858540e+00]
   [ 1.35684597e+00]
   [ 1.07362330e+00]
   [ 1.73272455e+00]
   [ 2.80135155e+00]
   [ 2.46341753e+00]
   [ 5.57841659e-01]
   [-4.71449226e-01]
   [-1.72817171e-01]
   [ 7.80315995e-02]
   [-6.73775673e-02]
   [-2.16835856e-01]
   [-3.77618283e-01]
   [-2.76111871e-01]]

  [[ 1.32552207e+00]
   [ 1.72957933e+00]
   [ 1.97868550e+00]
   [ 1.35433054e+00]
   [ 1.09794509e+00]
   [ 1.13144219e+00]
   [ 1.24188662e+00]
   [ 1.92617881e+00]
   [ 2.01383781e+00]
   [ 1.16178381e+00]
   [ 6.16526425e-01]
   [ 1.09757614e+00]
   [ 1.85764515e+00]
   [ 2.23667479e+00]
   [ 1.60190403e+00]
   [ 9.70963359e-01]
   [ 9.49238002e-01]
   [ 1.41244543e+00]
   [ 1.99216974e+00]
   [ 1.96245849e+00]
   [ 1.45317149e+00]
   [ 1.03425157e+00]
   [ 1.50216973e+00]
   [ 2.53504586e+00]
   [ 2.19415092e+00]
   [ 3.60593081e-01]
   [-6.61752105e-01]
   [-3.70647788e-01]
   [ 2.32638299e-01]
   [-3.06491941e-01]
   [-1.47897705e-01]
   [-4.49869335e-01]
   [-3.99672508e-01]]

  [[ 1.27915359e+00]
   [ 1.69281304e+00]
   [ 1.90851581e+00]
   [ 1.18163514e+00]
   [ 7.71886110e-01]
   [ 1.00622547e+00]
   [ 1.51223171e+00]
   [ 1.79224932e+00]
   [ 1.65673244e+00]
   [ 9.09902036e-01]
   [ 6.80865705e-01]
   [ 1.19679558e+00]
   [ 1.85847843e+00]
   [ 2.12781453e+00]
   [ 1.48473132e+00]
   [ 6.40231073e-01]
   [ 6.32696867e-01]
   [ 8.84079576e-01]
   [ 1.34976232e+00]
   [ 1.68831730e+00]
   [ 1.41498613e+00]
   [ 7.90344000e-01]
   [ 9.97467637e-01]
   [ 1.82156646e+00]
   [ 1.97915685e+00]
   [ 5.32049894e-01]
   [-4.90541995e-01]
   [-1.15808040e-01]
   [ 1.51166677e-01]
   [-1.36332572e-01]
   [-3.15081298e-01]
   [-3.02585602e-01]
   [-4.25799042e-01]]

  [[ 1.02388251e+00]
   [ 1.39112389e+00]
   [ 1.62929165e+00]
   [ 9.63720679e-01]
   [ 9.11908746e-01]
   [ 1.29546332e+00]
   [ 1.87021971e+00]
   [ 1.72859466e+00]
   [ 1.34967840e+00]
   [ 7.01777816e-01]
   [ 8.30713749e-01]
   [ 1.10464752e+00]
   [ 1.56096220e+00]
   [ 1.83806133e+00]
   [ 1.23426747e+00]
   [ 5.36075830e-01]
   [ 6.83165550e-01]
   [ 8.12699676e-01]
   [ 1.19315684e+00]
   [ 1.47107995e+00]
   [ 1.43870354e+00]
   [ 7.71750569e-01]
   [ 8.47003460e-01]
   [ 1.47592962e+00]
   [ 1.74968779e+00]
   [ 4.49351013e-01]
   [-3.54564607e-01]
   [-1.84607998e-01]
   [ 1.95792794e-01]
   [ 1.57573838e-02]
   [-3.93828958e-01]
   [-4.11216676e-01]
   [-1.00079715e-01]]

  [[ 9.97527957e-01]
   [ 1.58146393e+00]
   [ 1.41093862e+00]
   [ 9.12302494e-01]
   [ 1.04033077e+00]
   [ 1.42656755e+00]
   [ 1.95900512e+00]
   [ 1.76353109e+00]
   [ 1.09432757e+00]
   [ 1.02710140e+00]
   [ 9.42531466e-01]
   [ 1.24346983e+00]
   [ 1.39251792e+00]
   [ 1.47732627e+00]
   [ 1.04143012e+00]
   [ 9.34665263e-01]
   [ 9.47780967e-01]
   [ 1.08388150e+00]
   [ 1.12037086e+00]
   [ 1.22922266e+00]
   [ 1.38999069e+00]
   [ 9.63401318e-01]
   [ 1.04346478e+00]
   [ 1.42085421e+00]
   [ 1.65262425e+00]
   [ 5.30368924e-01]
   [-2.44601965e-01]
   [-5.01852691e-01]
   [ 1.59069508e-01]
   [-1.49095505e-01]
   [-3.49606633e-01]
   [-5.33074915e-01]
   [-2.41572678e-01]]

  [[ 1.15543306e+00]
   [ 1.43367088e+00]
   [ 1.32121861e+00]
   [ 1.06593955e+00]
   [ 1.39587057e+00]
   [ 1.88348448e+00]
   [ 1.97879231e+00]
   [ 1.39839256e+00]
   [ 8.67504120e-01]
   [ 1.20866287e+00]
   [ 1.36040103e+00]
   [ 1.49243224e+00]
   [ 1.52593100e+00]
   [ 1.35410845e+00]
   [ 9.36703205e-01]
   [ 1.21816504e+00]
   [ 1.35577452e+00]
   [ 1.48604453e+00]
   [ 1.13976943e+00]
   [ 1.22287285e+00]
   [ 1.63115633e+00]
   [ 1.64438784e+00]
   [ 1.57947719e+00]
   [ 1.65330708e+00]
   [ 1.55882251e+00]
   [ 4.53297675e-01]
   [-3.60730559e-01]
   [-4.10889685e-02]
   [-3.75240147e-02]
   [-1.81374848e-01]
   [-2.20236152e-01]
   [-1.95383698e-01]
   [-1.82526231e-01]]

  [[ 1.46626329e+00]
   [ 1.55581725e+00]
   [ 1.24515617e+00]
   [ 9.33403254e-01]
   [ 1.67129242e+00]
   [ 2.05982018e+00]
   [ 1.71868062e+00]
   [ 1.19898856e+00]
   [ 9.04831469e-01]
   [ 1.23767221e+00]
   [ 1.65065718e+00]
   [ 1.72993720e+00]
   [ 1.67517149e+00]
   [ 1.51765931e+00]
   [ 9.91737723e-01]
   [ 1.27284372e+00]
   [ 1.49625003e+00]
   [ 1.61432540e+00]
   [ 1.21654284e+00]
   [ 1.25941527e+00]
   [ 1.82364523e+00]
   [ 2.17747498e+00]
   [ 2.13113785e+00]
   [ 1.99361336e+00]
   [ 1.57828009e+00]
   [ 4.41234827e-01]
   [-2.79900670e-01]
   [-2.03236610e-01]
   [ 6.45159185e-02]
   [-1.51015580e-01]
   [-2.25744814e-01]
   [ 2.32063532e-01]
   [-1.53634787e-01]]

  [[ 1.55562246e+00]
   [ 1.42683017e+00]
   [ 1.17062056e+00]
   [ 1.01055610e+00]
   [ 1.74999595e+00]
   [ 2.10588765e+00]
   [ 1.76912820e+00]
   [ 1.06601024e+00]
   [ 1.02657938e+00]
   [ 1.48115897e+00]
   [ 1.81492436e+00]
   [ 1.71893060e+00]
   [ 1.49398243e+00]
   [ 1.22917998e+00]
   [ 9.53454971e-01]
   [ 1.21912658e+00]
   [ 1.54635417e+00]
   [ 1.69391823e+00]
   [ 1.21696615e+00]
   [ 1.05966866e+00]
   [ 1.79753149e+00]
   [ 2.20445061e+00]
   [ 2.16802788e+00]
   [ 1.89791596e+00]
   [ 1.38951015e+00]
   [ 2.47660816e-01]
   [-3.28579009e-01]
   [-2.01736510e-01]
   [ 7.81280398e-02]
   [-4.50660825e-01]
   [-4.86789078e-01]
   [-4.61740732e-01]
   [ 5.83803058e-02]]

  [[ 1.46510804e+00]
   [ 1.30452859e+00]
   [ 9.28930759e-01]
   [ 6.09880686e-01]
   [ 1.43513358e+00]
   [ 1.62645698e+00]
   [ 1.32259786e+00]
   [ 8.26951563e-01]
   [ 9.98877525e-01]
   [ 1.36447680e+00]
   [ 1.82284939e+00]
   [ 1.77196145e+00]
   [ 1.55810058e+00]
   [ 1.11186922e+00]
   [ 7.63168573e-01]
   [ 1.08201516e+00]
   [ 1.55159354e+00]
   [ 1.63630784e+00]
   [ 1.09280622e+00]
   [ 9.05580103e-01]
   [ 1.39731967e+00]
   [ 1.84896958e+00]
   [ 1.91779554e+00]
   [ 1.78567374e+00]
   [ 1.34786034e+00]
   [ 4.42560434e-01]
   [-2.77736872e-01]
   [-1.22358948e-01]
   [ 1.28422782e-01]
   [-1.44355625e-01]
   [-3.89577270e-01]
   [-4.19436395e-01]
   [-2.14324772e-01]]

  [[ 1.24631226e+00]
   [ 1.01985133e+00]
   [ 9.01629806e-01]
   [ 7.04566836e-01]
   [ 1.48772609e+00]
   [ 1.65428698e+00]
   [ 1.15132987e+00]
   [ 8.70244026e-01]
   [ 9.41997290e-01]
   [ 1.31141686e+00]
   [ 1.66935158e+00]
   [ 1.53130209e+00]
   [ 1.36571884e+00]
   [ 1.07937253e+00]
   [ 7.31652737e-01]
   [ 1.01824653e+00]
   [ 1.45255196e+00]
   [ 1.42692029e+00]
   [ 9.93960977e-01]
   [ 9.23174143e-01]
   [ 1.00038970e+00]
   [ 1.65956604e+00]
   [ 1.70856977e+00]
   [ 1.64606416e+00]
   [ 1.39862239e+00]
   [ 3.37316394e-01]
   [-5.08205593e-01]
   [-8.87642205e-02]
   [-1.85922608e-01]
   [ 2.41960604e-02]
   [-1.67714685e-01]
   [-3.59553933e-01]
   [-3.56277317e-01]]

  [[ 1.03563690e+00]
   [ 9.35194790e-01]
   [ 1.04404461e+00]
   [ 9.29421544e-01]
   [ 1.29245913e+00]
   [ 1.10401428e+00]
   [ 1.01053989e+00]
   [ 9.92265582e-01]
   [ 1.20940673e+00]
   [ 1.44042075e+00]
   [ 1.68614161e+00]
   [ 1.49138999e+00]
   [ 1.11562884e+00]
   [ 9.94856834e-01]
   [ 9.13378954e-01]
   [ 1.03093851e+00]
   [ 1.38180578e+00]
   [ 1.18441296e+00]
   [ 8.21229637e-01]
   [ 1.05509520e+00]
   [ 1.05418932e+00]
   [ 1.19189882e+00]
   [ 1.28255713e+00]
   [ 1.47490931e+00]
   [ 1.23550117e+00]
   [ 1.10787541e-01]
   [-3.62863272e-01]
   [-3.45742524e-01]
   [ 4.23202068e-02]
   [-4.00161117e-01]
   [-2.65685886e-01]
   [-7.83828199e-02]
   [-2.41820574e-01]]

  [[ 9.92663145e-01]
   [ 1.06351626e+00]
   [ 1.19627416e+00]
   [ 1.32908440e+00]
   [ 1.63702798e+00]
   [ 9.91042256e-01]
   [ 7.50561476e-01]
   [ 1.08812284e+00]
   [ 1.44494736e+00]
   [ 1.61350536e+00]
   [ 1.69643605e+00]
   [ 1.36577904e+00]
   [ 1.06066644e+00]
   [ 9.19644594e-01]
   [ 9.56415951e-01]
   [ 1.03604901e+00]
   [ 1.20204556e+00]
   [ 1.06791532e+00]
   [ 9.88141060e-01]
   [ 1.42254627e+00]
   [ 1.53969431e+00]
   [ 1.37503850e+00]
   [ 1.26075649e+00]
   [ 1.79903364e+00]
   [ 1.67160463e+00]
   [ 3.24434012e-01]
   [-1.11702561e-01]
   [-4.85790670e-02]
   [-8.11363459e-02]
   [-1.33002326e-01]
   [-3.85249168e-01]
   [-2.07019448e-01]
   [-3.79970670e-01]]

  [[ 6.76099718e-01]
   [ 9.57146168e-01]
   [ 1.29355681e+00]
   [ 1.42803586e+00]
   [ 1.73801744e+00]
   [ 9.11877990e-01]
   [ 6.22467160e-01]
   [ 1.18227804e+00]
   [ 2.05207396e+00]
   [ 1.90039217e+00]
   [ 1.56910825e+00]
   [ 1.11081588e+00]
   [ 9.98372793e-01]
   [ 1.06356323e+00]
   [ 1.11909664e+00]
   [ 1.16566324e+00]
   [ 1.21483827e+00]
   [ 1.07821262e+00]
   [ 1.18792045e+00]
   [ 1.65372431e+00]
   [ 1.73348510e+00]
   [ 1.38903797e+00]
   [ 1.43084359e+00]
   [ 2.24851656e+00]
   [ 1.99022329e+00]
   [ 4.10007834e-01]
   [-2.61786133e-01]
   [-3.20757926e-02]
   [-4.56562340e-02]
   [-2.26873737e-02]
   [-1.51536956e-01]
   [-2.11465418e-01]
   [-4.13941801e-01]]

  [[ 4.39321429e-01]
   [ 9.43607926e-01]
   [ 1.28467047e+00]
   [ 1.26523745e+00]
   [ 1.41805899e+00]
   [ 7.96248555e-01]
   [ 6.77341104e-01]
   [ 1.35663021e+00]
   [ 2.23302770e+00]
   [ 2.10867023e+00]
   [ 1.54054952e+00]
   [ 1.03304768e+00]
   [ 1.02558005e+00]
   [ 1.32218349e+00]
   [ 1.29473221e+00]
   [ 1.27631402e+00]
   [ 1.18286383e+00]
   [ 1.04742062e+00]
   [ 1.38869250e+00]
   [ 1.87516952e+00]
   [ 1.91820490e+00]
   [ 1.50963175e+00]
   [ 1.23875463e+00]
   [ 2.09558535e+00]
   [ 1.94462359e+00]
   [ 4.55427915e-01]
   [-3.21542203e-01]
   [-3.55889142e-01]
   [-2.26200502e-02]
   [-2.75234610e-01]
   [-4.52972084e-01]
   [-3.99141192e-01]
   [-3.33173960e-01]]

  [[ 3.73463392e-01]
   [ 1.00359833e+00]
   [ 1.45278955e+00]
   [ 1.19180429e+00]
   [ 1.07747638e+00]
   [ 7.79647589e-01]
   [ 7.45590925e-01]
   [ 1.03972685e+00]
   [ 1.82488489e+00]
   [ 1.90847158e+00]
   [ 1.39007783e+00]
   [ 1.01067317e+00]
   [ 1.29743814e+00]
   [ 1.53380346e+00]
   [ 1.48817623e+00]
   [ 1.27529538e+00]
   [ 1.07642317e+00]
   [ 1.00708616e+00]
   [ 1.40560830e+00]
   [ 1.78660905e+00]
   [ 2.07222486e+00]
   [ 1.48071897e+00]
   [ 1.02152240e+00]
   [ 1.66153193e+00]
   [ 1.79918301e+00]
   [ 6.71136141e-01]
   [-2.79552281e-01]
   [-2.18834460e-01]
   [-2.65472513e-02]
   [-5.42423725e-02]
   [-2.54865289e-01]
   [-2.71800041e-01]
   [-5.63675463e-01]]

  [[ 2.72737652e-01]
   [ 8.03270280e-01]
   [ 1.57221627e+00]
   [ 1.45273507e+00]
   [ 9.61314976e-01]
   [ 7.00764298e-01]
   [ 6.84296846e-01]
   [ 1.05422676e+00]
   [ 1.43319905e+00]
   [ 1.42301488e+00]
   [ 1.24986017e+00]
   [ 8.81288826e-01]
   [ 9.60723162e-01]
   [ 1.36774206e+00]
   [ 1.38496315e+00]
   [ 1.11283958e+00]
   [ 8.93183947e-01]
   [ 9.40206528e-01]
   [ 1.18521965e+00]
   [ 1.46802187e+00]
   [ 1.74442828e+00]
   [ 1.20165014e+00]
   [ 6.45132363e-01]
   [ 8.55601192e-01]
   [ 1.29997528e+00]
   [ 2.91439563e-01]
   [-3.65517050e-01]
   [-4.79781091e-01]
   [ 1.18231252e-01]
   [-1.85858190e-01]
   [-2.67141908e-01]
   [-5.35625458e-01]
   [-2.14005083e-01]]

  [[ 2.58011609e-01]
   [ 7.51094520e-01]
   [ 1.24378526e+00]
   [ 1.04166210e+00]
   [ 9.11334693e-01]
   [ 8.05388689e-01]
   [ 9.36826169e-01]
   [ 1.19391966e+00]
   [ 1.38383114e+00]
   [ 1.31554186e+00]
   [ 1.12621284e+00]
   [ 8.60747874e-01]
   [ 7.78464258e-01]
   [ 1.27872014e+00]
   [ 1.40020347e+00]
   [ 1.06639016e+00]
   [ 8.29371810e-01]
   [ 9.71354008e-01]
   [ 1.20807076e+00]
   [ 1.49507833e+00]
   [ 1.57173741e+00]
   [ 1.14679945e+00]
   [ 7.21617460e-01]
   [ 8.78126860e-01]
   [ 1.10688055e+00]
   [ 1.93381637e-01]
   [-3.33437204e-01]
   [-2.92692304e-01]
   [-1.54379249e-01]
   [-2.99475908e-01]
   [-4.70763415e-01]
   [-2.06690639e-01]
   [-2.87631243e-01]]

  [[ 6.02230370e-01]
   [ 1.10351431e+00]
   [ 1.47397578e+00]
   [ 7.88545012e-01]
   [ 9.34355497e-01]
   [ 9.43745434e-01]
   [ 1.05748665e+00]
   [ 1.41324556e+00]
   [ 1.26103485e+00]
   [ 8.36927593e-01]
   [ 8.53002548e-01]
   [ 8.88682306e-01]
   [ 8.32725346e-01]
   [ 1.26389933e+00]
   [ 1.21676469e+00]
   [ 9.27598238e-01]
   [ 7.91371405e-01]
   [ 1.05698037e+00]
   [ 1.27294171e+00]
   [ 1.39499366e+00]
   [ 1.37687957e+00]
   [ 1.05964005e+00]
   [ 8.63468766e-01]
   [ 8.42137098e-01]
   [ 1.17432702e+00]
   [ 2.86862791e-01]
   [-4.24473107e-01]
   [-2.24973589e-01]
   [-1.68658659e-01]
   [-3.19393516e-01]
   [-4.48498875e-01]
   [-1.31933153e-01]
   [-2.62969255e-01]]

  [[ 8.35153282e-01]
   [ 1.40811586e+00]
   [ 1.51507080e+00]
   [ 6.14006281e-01]
   [ 8.38306189e-01]
   [ 1.05256259e+00]
   [ 1.47524846e+00]
   [ 1.55016565e+00]
   [ 1.09198785e+00]
   [ 7.40761459e-01]
   [ 8.85074139e-01]
   [ 1.04806376e+00]
   [ 1.08125079e+00]
   [ 1.28433180e+00]
   [ 1.13700044e+00]
   [ 8.56645823e-01]
   [ 9.76267636e-01]
   [ 1.19235146e+00]
   [ 1.61483681e+00]
   [ 1.50787795e+00]
   [ 1.31032622e+00]
   [ 1.15322590e+00]
   [ 1.36520743e+00]
   [ 1.55310690e+00]
   [ 1.25232208e+00]
   [ 4.43717718e-01]
   [-2.71391600e-01]
   [-3.10642898e-01]
   [ 1.29162490e-01]
   [ 2.59189773e-02]
   [-3.40145171e-01]
   [-2.46746808e-01]
   [-2.92511046e-01]]

  [[ 1.14536989e+00]
   [ 1.46676791e+00]
   [ 1.39322412e+00]
   [ 6.63089037e-01]
   [ 6.91138268e-01]
   [ 9.19380784e-01]
   [ 1.50513422e+00]
   [ 1.66470778e+00]
   [ 1.12396276e+00]
   [ 8.93157661e-01]
   [ 8.80860567e-01]
   [ 1.09358513e+00]
   [ 1.14003432e+00]
   [ 1.17927372e+00]
   [ 1.04365158e+00]
   [ 9.51404929e-01]
   [ 9.16768193e-01]
   [ 1.32399595e+00]
   [ 1.55243170e+00]
   [ 1.51403773e+00]
   [ 1.23616254e+00]
   [ 9.86299157e-01]
   [ 1.12004077e+00]
   [ 1.57025635e+00]
   [ 1.19519746e+00]
   [ 4.27305788e-01]
   [-3.23611915e-01]
   [-2.06439406e-01]
   [-1.52968168e-01]
   [-4.52313423e-02]
   [-3.39853317e-01]
   [-4.24018472e-01]
   [-1.82689965e-01]]

  [[ 1.37165391e+00]
   [ 1.34351540e+00]
   [ 1.17921042e+00]
   [ 4.40011650e-01]
   [ 6.44529939e-01]
   [ 8.15788269e-01]
   [ 1.55333519e+00]
   [ 1.77084458e+00]
   [ 1.28699505e+00]
   [ 9.56950545e-01]
   [ 8.64227533e-01]
   [ 1.13089740e+00]
   [ 1.40487659e+00]
   [ 1.18429530e+00]
   [ 9.22346234e-01]
   [ 1.05279565e+00]
   [ 1.44186485e+00]
   [ 1.78700280e+00]
   [ 1.66728997e+00]
   [ 1.52245915e+00]
   [ 1.31127822e+00]
   [ 1.04617274e+00]
   [ 1.13091671e+00]
   [ 1.44376326e+00]
   [ 1.00159585e+00]
   [ 1.52906001e-01]
   [-4.15434241e-01]
   [-1.99334875e-01]
   [-1.08611166e-01]
   [-3.16895127e-01]
   [-2.45540142e-01]
   [-5.23477912e-01]
   [-3.13189685e-01]]

  [[ 1.20044744e+00]
   [ 1.19675243e+00]
   [ 8.42136323e-01]
   [ 1.73543692e-01]
   [ 2.23596707e-01]
   [ 4.69652355e-01]
   [ 1.01445806e+00]
   [ 1.32931197e+00]
   [ 9.57697988e-01]
   [ 6.19244337e-01]
   [ 5.61683178e-01]
   [ 8.68014336e-01]
   [ 1.23710239e+00]
   [ 1.05795157e+00]
   [ 6.23618841e-01]
   [ 8.21356416e-01]
   [ 1.40565193e+00]
   [ 1.67582703e+00]
   [ 1.35736597e+00]
   [ 1.01746452e+00]
   [ 1.01540494e+00]
   [ 9.39995646e-01]
   [ 9.77855325e-01]
   [ 1.22849953e+00]
   [ 8.12968075e-01]
   [-9.14623886e-02]
   [-4.21987712e-01]
   [-2.60635138e-01]
   [-7.57899582e-02]
   [-2.15083640e-02]
   [-2.25621194e-01]
   [-2.76938856e-01]
   [-1.27944112e-01]]

  [[ 1.24943841e+00]
   [ 1.19361341e+00]
   [ 8.89698803e-01]
   [ 3.96811903e-01]
   [ 5.81392169e-01]
   [ 8.61255646e-01]
   [ 1.13795435e+00]
   [ 1.36973023e+00]
   [ 1.12278068e+00]
   [ 8.57171237e-01]
   [ 6.89095795e-01]
   [ 8.97337079e-01]
   [ 1.27363551e+00]
   [ 1.26923978e+00]
   [ 7.77374327e-01]
   [ 8.77926111e-01]
   [ 1.49188268e+00]
   [ 1.87900710e+00]
   [ 1.42587876e+00]
   [ 1.04633558e+00]
   [ 1.04878342e+00]
   [ 1.03200519e+00]
   [ 1.02060699e+00]
   [ 1.10362232e+00]
   [ 6.90078020e-01]
   [ 1.01626799e-01]
   [-2.17727199e-01]
   [-5.71200065e-03]
   [-1.72764242e-01]
   [-1.45125955e-01]
   [-6.48783743e-02]
   [-3.21976840e-02]
   [-5.61087728e-02]]]]