[[[[2.0296693e+00]
   [1.6624538e+00]
   [1.3261913e+00]
   [8.0525333e-01]
   [1.0288569e+00]
   [1.5548838e+00]
   [1.8099877e+00]
   [1.5759056e+00]
   [9.6024984e-01]
   [7.8819883e-01]
   [8.5983896e-01]
   [1.3312455e+00]
   [1.5124291e+00]
   [1.3904302e+00]
   [8.2840705e-01]
   [7.7983654e-01]
   [1.2757478e+00]
   [1.6700877e+00]
   [1.3834554e+00]
   [1.1635317e+00]
   [1.3755168e+00]
   [1.2491163e+00]
   [1.3070794e+00]
   [1.5200206e+00]
   [1.3470503e+00]
   [4.2295977e-01]
   [0.0000000e+00]
   [0.0000000e+00]
   [0.0000000e+00]
   [7.4614912e-02]
   [0.0000000e+00]
   [0.0000000e+00]
   [0.0000000e+00]]

  [[1.5270205e+00]
   [1.3793856e+00]
   [1.0891391e+00]
   [5.3569168e-01]
   [8.9458674e-01]
   [1.6556268e+00]
   [1.7669982e+00]
   [1.7284144e+00]
   [9.3276048e-01]
   [1.0388619e+00]
   [1.1016868e+00]
   [1.3694050e+00]
   [1.2624621e+00]
   [1.2647976e+00]
   [7.0983601e-01]
   [6.0691881e-01]
   [9.0446031e-01]
   [1.4606193e+00]
   [1.2439207e+00]
   [1.2896346e+00]
   [1.5636082e+00]
   [1.4052101e+00]
   [1.0500323e+00]
   [1.3916239e+00]
   [1.2738936e+00]
   [9.6447095e-02]
   [0.0000000e+00]
   [0.0000000e+00]
   [0.0000000e+00]
   [0.0000000e+00]
   [0.0000000e+00]
   [0.0000000e+00]
   [0.0000000e+00]]

  [[1.5069028e+00]
   [1.3624705e+00]
   [1.0132498e+00]
   [8.0204260e-01]
   [1.2241261e+00]
   [1.6601921e+00]
   [1.6185471e+00]
   [1.3653749e+00]
   [1.0856079e+00]
   [1.5306820e+00]
   [1.6549879e+00]
   [1.6370945e+00]
   [1.2764465e+00]
   [1.3144079e+00]
   [1.2252885e+00]
   [1.4027779e+00]
   [1.3028346e+00]
   [1.3883325e+00]
   [1.2385066e+00]
   [1.7488227e+00]
   [2.0621047e+00]
   [1.8236417e+00]
   [1.2951845e+00]
   [1.6499754e+00]
   [1.4214052e+00]
   [1.4217946e-01]
   [0.0000000e+00]
   [0.0000000e+00]
   [0.0000000e+00]
   [0.0000000e+00]
   [0.0000000e+00]
   [0.0000000e+00]
   [0.0000000e+00]]

  [[1.4281833e+00]
   [1.2233449e+00]
   [1.0757712e+00]
   [8.3351588e-01]
   [1.6533245e+00]
   [1.6447569e+00]
   [1.5844458e+00]
   [1.2307271e+00]
   [1.3756045e+00]
   [1.7605088e+00]
   [1.9670849e+00]
   [1.7852148e+00]
   [9.1627437e-01]
   [1.2802087e+00]
   [1.5890301e+00]
   [1.9531072e+00]
   [1.8859645e+00]
   [1.3247772e+00]
   [9.3399346e-01]
   [1.6581316e+00]
   [2.4987607e+00]
   [2.1252685e+00]
   [1.3065857e+00]
   [1.5527657e+00]
   [1.3469025e+00]
   [2.5491095e-01]
   [0.0000000e+00]
   [0.0000000e+00]
   [8.9625586e-03]
   [0.0000000e+00]
   [0.0000000e+00]
   [0.0000000e+00]
   [0.0000000e+00]]

  [[1.0572008e+00]
   [1.2221129e+00]
   [1.1578889e+00]
   [8.3305037e-01]
   [1.8628216e+00]
   [1.8966378e+00]
   [1.1112865e+00]
   [1.0360265e+00]
   [1.3718003e+00]
   [2.0434237e+00]
   [2.0722055e+00]
   [1.6087652e+00]
   [6.9901955e-01]
   [9.0207922e-01]
   [1.6719394e+00]
   [2.4079409e+00]
   [2.0924139e+00]
   [1.1476190e+00]
   [7.1767110e-01]
   [1.2901255e+00]
   [2.1187265e+00]
   [1.8827908e+00]
   [1.1608111e+00]
   [1.4418753e+00]
   [1.3902501e+00]
   [3.5494202e-01]
   [0.0000000e+00]
   [0.0000000e+00]
   [2.8063999e-02]
   [0.0000000e+00]
   [2.5726277e-03]
   [0.0000000e+00]
   [0.0000000e+00]]

  [[1.0499483e+00]
   [1.1597124e+00]
   [1.0827137e+00]
   [1.2963618e+00]
   [2.0394297e+00]
   [1.8438116e+00]
   [7.9031849e-01]
   [6.5533364e-01]
   [1.3668599e+00]
   [1.8132982e+00]
   [1.8586813e+00]
   [1.2767943e+00]
   [6.2664574e-01]
   [9.8959291e-01]
   [1.7039024e+00]
   [2.4646297e+00]
   [2.3102179e+00]
   [1.3485895e+00]
   [1.0248411e+00]
   [1.3452432e+00]
   [1.8089747e+00]
   [1.7734483e+00]
   [1.4345635e+00]
   [1.7238818e+00]
   [1.4922532e+00]
   [2.5030121e-01]
   [0.0000000e+00]
   [0.0000000e+00]
   [3.3851583e-03]
   [2.2144379e-02]
   [0.0000000e+00]
   [0.0000000e+00]
   [0.0000000e+00]]

  [[9.0317416e-01]
   [1.0275992e+00]
   [1.1674331e+00]
   [1.2160227e+00]
   [1.5681385e+00]
   [1.4443957e+00]
   [7.6074165e-01]
   [6.7133945e-01]
   [1.3906986e+00]
   [1.8972535e+00]
   [1.7131063e+00]
   [1.1812066e+00]
   [5.4933631e-01]
   [5.9335613e-01]
   [1.1773843e+00]
   [1.9232546e+00]
   [1.7109836e+00]
   [1.2413554e+00]
   [6.6287804e-01]
   [9.9104273e-01]
   [1.5018579e+00]
   [1.3595346e+00]
   [1.2175239e+00]
   [1.6940223e+00]
   [1.5176958e+00]
   [3.8397121e-01]
   [0.0000000e+00]
   [0.0000000e+00]
   [0.0000000e+00]
   [2.9959368e-02]
   [0.0000000e+00]
   [0.0000000e+00]
   [0.0000000e+00]]

  [[7.9693580e-01]
   [1.0732514e+00]
   [1.5475241e+00]
   [1.2910354e+00]
   [1.5190300e+00]
   [1.5179880e+00]
   [8.7456292e-01]
   [6.6818905e-01]
   [1.4256480e+00]
   [1.8502561e+00]
   [1.7121502e+00]
   [1.1185319e+00]
   [5.8309388e-01]
   [1.0653014e+00]
   [9.3747211e-01]
   [9.2276245e-01]
   [1.1406623e+00]
   [1.3069320e+00]
   [1.0005944e+00]
   [9.6405786e-01]
   [1.2136029e+00]
   [1.1983513e+00]
   [1.2787215e+00]
   [2.0977032e+00]
   [1.6695343e+00]
   [3.5501596e-01]
   [0.0000000e+00]
   [0.0000000e+00]
   [0.0000000e+00]
   [1.1523219e-02]
   [0.0000000e+00]
   [0.0000000e+00]
   [0.0000000e+00]]

  [[8.1504190e-01]
   [1.4054793e+00]
   [1.8498980e+00]
   [1.5244944e+00]
   [1.4605258e+00]
   [1.2138265e+00]
   [8.6573493e-01]
   [1.0937361e+00]
   [1.5883406e+00]
   [1.6694638e+00]
   [1.3743852e+00]
   [1.1181974e+00]
   [1.3448697e+00]
   [1.8427215e+00]
   [1.3008760e+00]
   [9.9080145e-01]
   [1.1831850e+00]
   [1.8713101e+00]
   [1.5497428e+00]
   [1.2810940e+00]
   [1.0662758e+00]
   [9.5236790e-01]
   [1.4814582e+00]
   [2.4398882e+00]
   [1.9271541e+00]
   [5.2620912e-01]
   [0.0000000e+00]
   [0.0000000e+00]
   [0.0000000e+00]
   [0.0000000e+00]
   [0.0000000e+00]
   [0.0000000e+00]
   [0.0000000e+00]]

  [[1.0576760e+00]
   [1.4887971e+00]
   [1.9489843e+00]
   [1.4576325e+00]
   [1.2093285e+00]
   [8.7217927e-01]
   [9.3358791e-01]
   [1.6510834e+00]
   [1.7609154e+00]
   [1.4849790e+00]
   [1.0259728e+00]
   [1.2064437e+00]
   [1.7811710e+00]
   [2.4457517e+00]
   [1.6646541e+00]
   [1.3166198e+00]
   [1.2882414e+00]
   [2.0395043e+00]
   [1.8257276e+00]
   [1.4843222e+00]
   [1.1172693e+00]
   [1.0369611e+00]
   [1.6664563e+00]
   [2.8094759e+00]
   [2.3555627e+00]
   [6.4131963e-01]
   [0.0000000e+00]
   [0.0000000e+00]
   [2.7044417e-02]
   [0.0000000e+00]
   [0.0000000e+00]
   [0.0000000e+00]
   [0.0000000e+00]]

  [[1.1804523e+00]
   [1.6479508e+00]
   [1.8465792e+00]
   [1.3098251e+00]
   [1.4505740e+00]
   [1.1913513e+00]
   [1.2194502e+00]
   [1.8123890e+00]
   [2.1321807e+00]
   [1.4084818e+00]
   [8.0883187e-01]
   [1.3539962e+00]
   [2.1473861e+00]
   [2.4788120e+00]
   [1.7502913e+00]
   [1.2039446e+00]
   [1.2819698e+00]
   [2.0088477e+00]
   [2.1403918e+00]
   [1.9385854e+00]
   [1.3568460e+00]
   [1.0736233e+00]
   [1.7327245e+00]
   [2.8013515e+00]
   [2.4634175e+00]
   [5.5784166e-01]
   [0.0000000e+00]
   [0.0000000e+00]
   [7.8031600e-02]
   [0.0000000e+00]
   [0.0000000e+00]
   [0.0000000e+00]
   [0.0000000e+00]]

  [[1.3255221e+00]
   [1.7295793e+00]
   [1.9786855e+00]
   [1.3543305e+00]
   [1.0979451e+00]
   [1.1314422e+00]
   [1.2418866e+00]
   [1.9261788e+00]
   [2.0138378e+00]
   [1.1617838e+00]
   [6.1652642e-01]
   [1.0975761e+00]
   [1.8576452e+00]
   [2.2366748e+00]
   [1.6019040e+00]
   [9.7096336e-01]
   [9.4923800e-01]
   [1.4124454e+00]
   [1.9921697e+00]
   [1.9624585e+00]
   [1.4531715e+00]
   [1.0342516e+00]
   [1.5021697e+00]
   [2.5350459e+00]
   [2.1941509e+00]
   [3.6059308e-01]
   [0.0000000e+00]
   [0.0000000e+00]
   [2.3263830e-01]
   [0.0000000e+00]
   [0.0000000e+00]
   [0.0000000e+00]
   [0.0000000e+00]]

  [[1.2791536e+00]
   [1.6928130e+00]
   [1.9085158e+00]
   [1.1816351e+00]
   [7.7188611e-01]
   [1.0062255e+00]
   [1.5122317e+00]
   [1.7922493e+00]
   [1.6567324e+00]
   [9.0990204e-01]
   [6.8086571e-01]
   [1.1967956e+00]
   [1.8584784e+00]
   [2.1278145e+00]
   [1.4847313e+00]
   [6.4023107e-01]
   [6.3269687e-01]
   [8.8407958e-01]
   [1.3497623e+00]
   [1.6883173e+00]
   [1.4149861e+00]
   [7.9034400e-01]
   [9.9746764e-01]
   [1.8215665e+00]
   [1.9791569e+00]
   [5.3204989e-01]
   [0.0000000e+00]
   [0.0000000e+00]
   [1.5116668e-01]
   [0.0000000e+00]
   [0.0000000e+00]
   [0.0000000e+00]
   [0.0000000e+00]]

  [[1.0238825e+00]
   [1.3911239e+00]
   [1.6292917e+00]
   [9.6372068e-01]
   [9.1190875e-01]
   [1.2954633e+00]
   [1.8702197e+00]
   [1.7285947e+00]
   [1.3496784e+00]
   [7.0177782e-01]
   [8.3071375e-01]
   [1.1046475e+00]
   [1.5609622e+00]
   [1.8380613e+00]
   [1.2342675e+00]
   [5.3607583e-01]
   [6.8316555e-01]
   [8.1269968e-01]
   [1.1931568e+00]
   [1.4710799e+00]
   [1.4387035e+00]
   [7.7175057e-01]
   [8.4700346e-01]
   [1.4759296e+00]
   [1.7496878e+00]
   [4.4935101e-01]
   [0.0000000e+00]
   [0.0000000e+00]
   [1.9579279e-01]
   [1.5757384e-02]
   [0.0000000e+00]
   [0.0000000e+00]
   [0.0000000e+00]]

  [[9.9752796e-01]
   [1.5814639e+00]
   [1.4109386e+00]
   [9.1230249e-01]
   [1.0403308e+00]
   [1.4265676e+00]
   [1.9590051e+00]
   [1.7635311e+00]
   [1.0943276e+00]
   [1.0271014e+00]
   [9.4253147e-01]
   [1.2434698e+00]
   [1.3925179e+00]
   [1.4773263e+00]
   [1.0414301e+00]
   [9.3466526e-01]
   [9.4778097e-01]
   [1.0838815e+00]
   [1.1203709e+00]
   [1.2292227e+00]
   [1.3899907e+00]
   [9.6340132e-01]
   [1.0434648e+00]
   [1.4208542e+00]
   [1.6526242e+00]
   [5.3036892e-01]
   [0.0000000e+00]
   [0.0000000e+00]
   [1.5906951e-01]
   [0.0000000e+00]
   [0.0000000e+00]
   [0.0000000e+00]
   [0.0000000e+00]]

  [[1.1554331e+00]
   [1.4336709e+00]
   [1.3212186e+00]
   [1.0659395e+00]
   [1.3958706e+00]
   [1.8834845e+00]
   [1.9787923e+00]
   [1.3983926e+00]
   [8.6750412e-01]
   [1.2086629e+00]
   [1.3604010e+00]
   [1.4924322e+00]
   [1.5259310e+00]
   [1.3541085e+00]
   [9.3670321e-01]
   [1.2181650e+00]
   [1.3557745e+00]
   [1.4860445e+00]
   [1.1397694e+00]
   [1.2228729e+00]
   [1.6311563e+00]
   [1.6443878e+00]
   [1.5794772e+00]
   [1.6533071e+00]
   [1.5588225e+00]
   [4.5329767e-01]
   [0.0000000e+00]
   [0.0000000e+00]
   [0.0000000e+00]
   [0.0000000e+00]
   [0.0000000e+00]
   [0.0000000e+00]
   [0.0000000e+00]]

  [[1.4662633e+00]
   [1.5558172e+00]
   [1.2451562e+00]
   [9.3340325e-01]
   [1.6712924e+00]
   [2.0598202e+00]
   [1.7186806e+00]
   [1.1989886e+00]
   [9.0483147e-01]
   [1.2376722e+00]
   [1.6506572e+00]
   [1.7299372e+00]
   [1.6751715e+00]
   [1.5176593e+00]
   [9.9173772e-01]
   [1.2728437e+00]
   [1.4962500e+00]
   [1.6143254e+00]
   [1.2165428e+00]
   [1.2594153e+00]
   [1.8236452e+00]
   [2.1774750e+00]
   [2.1311378e+00]
   [1.9936134e+00]
   [1.5782801e+00]
   [4.4123483e-01]
   [0.0000000e+00]
   [0.0000000e+00]
   [6.4515918e-02]
   [0.0000000e+00]
   [0.0000000e+00]
   [2.3206353e-01]
   [0.0000000e+00]]

  [[1.5556225e+00]
   [1.4268302e+00]
   [1.1706206e+00]
   [1.0105561e+00]
   [1.7499959e+00]
   [2.1058877e+00]
   [1.7691282e+00]
   [1.0660102e+00]
   [1.0265794e+00]
   [1.4811590e+00]
   [1.8149244e+00]
   [1.7189306e+00]
   [1.4939824e+00]
   [1.2291800e+00]
   [9.5345497e-01]
   [1.2191266e+00]
   [1.5463542e+00]
   [1.6939182e+00]
   [1.2169662e+00]
   [1.0596687e+00]
   [1.7975315e+00]
   [2.2044506e+00]
   [2.1680279e+00]
   [1.8979160e+00]
   [1.3895102e+00]
   [2.4766082e-01]
   [0.0000000e+00]
   [0.0000000e+00]
   [7.8128040e-02]
   [0.0000000e+00]
   [0.0000000e+00]
   [0.0000000e+00]
   [5.8380306e-02]]

  [[1.4651080e+00]
   [1.3045286e+00]
   [9.2893076e-01]
   [6.0988069e-01]
   [1.4351336e+00]
   [1.6264570e+00]
   [1.3225979e+00]
   [8.2695156e-01]
   [9.9887753e-01]
   [1.3644768e+00]
   [1.8228494e+00]
   [1.7719615e+00]
   [1.5581006e+00]
   [1.1118692e+00]
   [7.6316857e-01]
   [1.0820152e+00]
   [1.5515935e+00]
   [1.6363078e+00]
   [1.0928062e+00]
   [9.0558010e-01]
   [1.3973197e+00]
   [1.8489696e+00]
   [1.9177955e+00]
   [1.7856737e+00]
   [1.3478603e+00]
   [4.4256043e-01]
   [0.0000000e+00]
   [0.0000000e+00]
   [1.2842278e-01]
   [0.0000000e+00]
   [0.0000000e+00]
   [0.0000000e+00]
   [0.0000000e+00]]

  [[1.2463123e+00]
   [1.0198513e+00]
   [9.0162981e-01]
   [7.0456684e-01]
   [1.4877261e+00]
   [1.6542870e+00]
   [1.1513299e+00]
   [8.7024403e-01]
   [9.4199729e-01]
   [1.3114169e+00]
   [1.6693516e+00]
   [1.5313021e+00]
   [1.3657188e+00]
   [1.0793725e+00]
   [7.3165274e-01]
   [1.0182465e+00]
   [1.4525520e+00]
   [1.4269203e+00]
   [9.9396098e-01]
   [9.2317414e-01]
   [1.0003897e+00]
   [1.6595660e+00]
   [1.7085698e+00]
   [1.6460642e+00]
   [1.3986224e+00]
   [3.3731639e-01]
   [0.0000000e+00]
   [0.0000000e+00]
   [0.0000000e+00]
   [2.4196060e-02]
   [0.0000000e+00]
   [0.0000000e+00]
   [0.0000000e+00]]

  [[1.0356369e+00]
   [9.3519479e-01]
   [1.0440446e+00]
   [9.2942154e-01]
   [1.2924591e+00]
   [1.1040143e+00]
   [1.0105399e+00]
   [9.9226558e-01]
   [1.2094067e+00]
   [1.4404207e+00]
   [1.6861416e+00]
   [1.4913900e+00]
   [1.1156288e+00]
   [9.9485683e-01]
   [9.1337895e-01]
   [1.0309385e+00]
   [1.3818058e+00]
   [1.1844130e+00]
   [8.2122964e-01]
   [1.0550952e+00]
   [1.0541893e+00]
   [1.1918988e+00]
   [1.2825571e+00]
   [1.4749093e+00]
   [1.2355012e+00]
   [1.1078754e-01]
   [0.0000000e+00]
   [0.0000000e+00]
   [4.2320207e-02]
   [0.0000000e+00]
   [0.0000000e+00]
   [0.0000000e+00]
   [0.0000000e+00]]

  [[9.9266315e-01]
   [1.0635163e+00]
   [1.1962742e+00]
   [1.3290844e+00]
   [1.6370280e+00]
   [9.9104226e-01]
   [7.5056148e-01]
   [1.0881228e+00]
   [1.4449474e+00]
   [1.6135054e+00]
   [1.6964360e+00]
   [1.3657790e+00]
   [1.0606664e+00]
   [9.1964459e-01]
   [9.5641595e-01]
   [1.0360490e+00]
   [1.2020456e+00]
   [1.0679153e+00]
   [9.8814106e-01]
   [1.4225463e+00]
   [1.5396943e+00]
   [1.3750385e+00]
   [1.2607565e+00]
   [1.7990336e+00]
   [1.6716046e+00]
   [3.2443401e-01]
   [0.0000000e+00]
   [0.0000000e+00]
   [0.0000000e+00]
   [0.0000000e+00]
   [0.0000000e+00]
   [0.0000000e+00]
   [0.0000000e+00]]

  [[6.7609972e-01]
   [9.5714617e-01]
   [1.2935568e+00]
   [1.4280359e+00]
   [1.7380174e+00]
   [9.1187799e-01]
   [6.2246716e-01]
   [1.1822780e+00]
   [2.0520740e+00]
   [1.9003922e+00]
   [1.5691082e+00]
   [1.1108159e+00]
   [9.9837279e-01]
   [1.0635632e+00]
   [1.1190966e+00]
   [1.1656632e+00]
   [1.2148383e+00]
   [1.0782126e+00]
   [1.1879205e+00]
   [1.6537243e+00]
   [1.7334851e+00]
   [1.3890380e+00]
   [1.4308436e+00]
   [2.2485166e+00]
   [1.9902233e+00]
   [4.1000783e-01]
   [0.0000000e+00]
   [0.0000000e+00]
   [0.0000000e+00]
   [0.0000000e+00]
   [0.0000000e+00]
   [0.0000000e+00]
   [0.0000000e+00]]

  [[4.3932143e-01]
   [9.4360793e-01]
   [1.2846705e+00]
   [1.2652375e+00]
   [1.4180590e+00]
   [7.9624856e-01]
   [6.7734110e-01]
   [1.3566302e+00]
   [2.2330277e+00]
   [2.1086702e+00]
   [1.5405495e+00]
   [1.0330477e+00]
   [1.0255800e+00]
   [1.3221835e+00]
   [1.2947322e+00]
   [1.2763140e+00]
   [1.1828638e+00]
   [1.0474206e+00]
   [1.3886925e+00]
   [1.8751695e+00]
   [1.9182049e+00]
   [1.5096318e+00]
   [1.2387546e+00]
   [2.0955853e+00]
   [1.9446236e+00]
   [4.5542791e-01]
   [0.0000000e+00]
   [0.0000000e+00]
   [0.0000000e+00]
   [0.0000000e+00]
   [0.0000000e+00]
   [0.0000000e+00]
   [0.0000000e+00]]

  [[3.7346339e-01]
   [1.0035983e+00]
   [1.4527895e+00]
   [1.1918043e+00]
   [1.0774764e+00]
   [7.7964759e-01]
   [7.4559093e-01]
   [1.0397269e+00]
   [1.8248849e+00]
   [1.9084716e+00]
   [1.3900778e+00]
   [1.0106732e+00]
   [1.2974381e+00]
   [1.5338035e+00]
   [1.4881762e+00]
   [1.2752954e+00]
   [1.0764232e+00]
   [1.0070862e+00]
   [1.4056083e+00]
   [1.7866091e+00]
   [2.0722249e+00]
   [1.4807190e+00]
   [1.0215224e+00]
   [1.6615319e+00]
   [1.7991830e+00]
   [6.7113614e-01]
   [0.0000000e+00]
   [0.0000000e+00]
   [0.0000000e+00]
   [0.0000000e+00]
   [0.0000000e+00]
   [0.0000000e+00]
   [0.0000000e+00]]

  [[2.7273765e-01]
   [8.0327028e-01]
   [1.5722163e+00]
   [1.4527351e+00]
   [9.6131498e-01]
   [7.0076430e-01]
   [6.8429685e-01]
   [1.0542268e+00]
   [1.4331990e+00]
   [1.4230149e+00]
   [1.2498602e+00]
   [8.8128883e-01]
   [9.6072316e-01]
   [1.3677421e+00]
   [1.3849632e+00]
   [1.1128396e+00]
   [8.9318395e-01]
   [9.4020653e-01]
   [1.1852196e+00]
   [1.4680219e+00]
   [1.7444283e+00]
   [1.2016501e+00]
   [6.4513236e-01]
   [8.5560119e-01]
   [1.2999753e+00]
   [2.9143956e-01]
   [0.0000000e+00]
   [0.0000000e+00]
   [1.1823125e-01]
   [0.0000000e+00]
   [0.0000000e+00]
   [0.0000000e+00]
   [0.0000000e+00]]

  [[2.5801161e-01]
   [7.5109452e-01]
   [1.2437853e+00]
   [1.0416621e+00]
   [9.1133469e-01]
   [8.0538869e-01]
   [9.3682617e-01]
   [1.1939197e+00]
   [1.3838311e+00]
   [1.3155419e+00]
   [1.1262128e+00]
   [8.6074787e-01]
   [7.7846426e-01]
   [1.2787201e+00]
   [1.4002035e+00]
   [1.0663902e+00]
   [8.2937181e-01]
   [9.7135401e-01]
   [1.2080708e+00]
   [1.4950783e+00]
   [1.5717374e+00]
   [1.1467994e+00]
   [7.2161746e-01]
   [8.7812686e-01]
   [1.1068805e+00]
   [1.9338164e-01]
   [0.0000000e+00]
   [0.0000000e+00]
   [0.0000000e+00]
   [0.0000000e+00]
   [0.0000000e+00]
   [0.0000000e+00]
   [0.0000000e+00]]

  [[6.0223037e-01]
   [1.1035143e+00]
   [1.4739758e+00]
   [7.8854501e-01]
   [9.3435550e-01]
   [9.4374543e-01]
   [1.0574867e+00]
   [1.4132456e+00]
   [1.2610348e+00]
   [8.3692759e-01]
   [8.5300255e-01]
   [8.8868231e-01]
   [8.3272535e-01]
   [1.2638993e+00]
   [1.2167647e+00]
   [9.2759824e-01]
   [7.9137141e-01]
   [1.0569804e+00]
   [1.2729417e+00]
   [1.3949937e+00]
   [1.3768796e+00]
   [1.0596400e+00]
   [8.6346877e-01]
   [8.4213710e-01]
   [1.1743270e+00]
   [2.8686279e-01]
   [0.0000000e+00]
   [0.0000000e+00]
   [0.0000000e+00]
   [0.0000000e+00]
   [0.0000000e+00]
   [0.0000000e+00]
   [0.0000000e+00]]

  [[8.3515328e-01]
   [1.4081159e+00]
   [1.5150708e+00]
   [6.1400628e-01]
   [8.3830619e-01]
   [1.0525626e+00]
   [1.4752485e+00]
   [1.5501657e+00]
   [1.0919878e+00]
   [7.4076146e-01]
   [8.8507414e-01]
   [1.0480638e+00]
   [1.0812508e+00]
   [1.2843318e+00]
   [1.1370004e+00]
   [8.5664582e-01]
   [9.7626764e-01]
   [1.1923515e+00]
   [1.6148368e+00]
   [1.5078779e+00]
   [1.3103262e+00]
   [1.1532259e+00]
   [1.3652074e+00]
   [1.5531069e+00]
   [1.2523221e+00]
   [4.4371772e-01]
   [0.0000000e+00]
   [0.0000000e+00]
   [1.2916249e-01]
   [2.5918977e-02]
   [0.0000000e+00]
   [0.0000000e+00]
   [0.0000000e+00]]

  [[1.1453699e+00]
   [1.4667679e+00]
   [1.3932241e+00]
   [6.6308904e-01]
   [6.9113827e-01]
   [9.1938078e-01]
   [1.5051342e+00]
   [1.6647078e+00]
   [1.1239628e+00]
   [8.9315766e-01]
   [8.8086057e-01]
   [1.0935851e+00]
   [1.1400343e+00]
   [1.1792737e+00]
   [1.0436516e+00]
   [9.5140493e-01]
   [9.1676819e-01]
   [1.3239959e+00]
   [1.5524317e+00]
   [1.5140377e+00]
   [1.2361625e+00]
   [9.8629916e-01]
   [1.1200408e+00]
   [1.5702564e+00]
   [1.1951975e+00]
   [4.2730579e-01]
   [0.0000000e+00]
   [0.0000000e+00]
   [0.0000000e+00]
   [0.0000000e+00]
   [0.0000000e+00]
   [0.0000000e+00]
   [0.0000000e+00]]

  [[1.3716539e+00]
   [1.3435154e+00]
   [1.1792104e+00]
   [4.4001165e-01]
   [6.4452994e-01]
   [8.1578827e-01]
   [1.5533352e+00]
   [1.7708446e+00]
   [1.2869951e+00]
   [9.5695055e-01]
   [8.6422753e-01]
   [1.1308974e+00]
   [1.4048766e+00]
   [1.1842953e+00]
   [9.2234623e-01]
   [1.0527956e+00]
   [1.4418648e+00]
   [1.7870028e+00]
   [1.6672900e+00]
   [1.5224591e+00]
   [1.3112782e+00]
   [1.0461727e+00]
   [1.1309167e+00]
   [1.4437633e+00]
   [1.0015959e+00]
   [1.5290600e-01]
   [0.0000000e+00]
   [0.0000000e+00]
   [0.0000000e+00]
   [0.0000000e+00]
   [0.0000000e+00]
   [0.0000000e+00]
   [0.0000000e+00]]

  [[1.2004474e+00]
   [1.1967524e+00]
   [8.4213632e-01]
   [1.7354369e-01]
   [2.2359671e-01]
   [4.6965235e-01]
   [1.0144581e+00]
   [1.3293120e+00]
   [9.5769799e-01]
   [6.1924434e-01]
   [5.6168318e-01]
   [8.6801434e-01]
   [1.2371024e+00]
   [1.0579516e+00]
   [6.2361884e-01]
   [8.2135642e-01]
   [1.4056519e+00]
   [1.6758270e+00]
   [1.3573660e+00]
   [1.0174645e+00]
   [1.0154049e+00]
   [9.3999565e-01]
   [9.7785532e-01]
   [1.2284995e+00]
   [8.1296808e-01]
   [0.0000000e+00]
   [0.0000000e+00]
   [0.0000000e+00]
   [0.0000000e+00]
   [0.0000000e+00]
   [0.0000000e+00]
   [0.0000000e+00]
   [0.0000000e+00]]

  [[1.2494384e+00]
   [1.1936134e+00]
   [8.8969880e-01]
   [3.9681190e-01]
   [5.8139217e-01]
   [8.6125565e-01]
   [1.1379544e+00]
   [1.3697302e+00]
   [1.1227807e+00]
   [8.5717124e-01]
   [6.8909580e-01]
   [8.9733708e-01]
   [1.2736355e+00]
   [1.2692398e+00]
   [7.7737433e-01]
   [8.7792611e-01]
   [1.4918827e+00]
   [1.8790071e+00]
   [1.4258788e+00]
   [1.0463356e+00]
   [1.0487834e+00]
   [1.0320052e+00]
   [1.0206070e+00]
   [1.1036223e+00]
   [6.9007802e-01]
   [1.0162680e-01]
   [0.0000000e+00]
   [0.0000000e+00]
   [0.0000000e+00]
   [0.0000000e+00]
   [0.0000000e+00]
   [0.0000000e+00]
   [0.0000000e+00]]]]